0.44 0.5033
0.92 0.505
0.82 0.5024
0.07 0.5075
0.4701 0.512
0.86 0.5062
0.95 0.5034
0.13 0.5108
0.91 0.5076
0.77 0.51
0.6401 0.5066
0.46 0.5042
0.84 0.5089
0.26 0.5065
0.1701 0.5045
0.9901 0.5021
0.5801 0.5073
0.44 0.5038
0.15 0.5049
0.04 0.5023
0.7801 0.5129
0.99 0.5012
0.4 0.5068
0.4 0.5153
0.8 0.5044
0.7601 0.5067
0.6 0.5109
0.1001 0.5111
0.14 0.5089
0.83 0.5087
0.95 0.51
0.51 0.5079
0.9 0.5032
0.9401 0.5045
0.79 0.5081
0.06 0.5037
0.0001 0.5022
0.4301 0.5112
0.16 0.5071
0.04 0.5062
0.3401 0.5117
0.1301 0.5036
0 0.5051
0.98 0.5127
0.9601 0.5016
0.87 0.5027
0.9 0.5109
0.09 0.5089
0.19 0.5105
0.02 0.5061
0.01 0.5057
0.04 0.5047
0 0.5058
0.9701 0.5036
0.07 0.505
0.0001 0.5022
0.46 0.5085
0.5 0.5027
0.9901 0.5015
0.2 0.5062
0.95 0.5059
0.61 0.5084
0.62 0.5091
0.0501 0.5059
0.1601 0.5054
0.99 0.5041
0.4201 0.5065
0.22 0.504
0.74 0.5107
0.9901 0.5026
0.16 0.5047
0.51 0.5018
0.2 0.502
0.16 0.5103
0.91 0.5081
0.21 0.5046
0.02 0.5032
0.89 0.5106
0.05 0.5052
0.74 0.5088
0.8801 0.5102
0.3301 0.5108
0.21 0.5171
0.09 0.5016
0.0401 0.5162
0.06 0.5065
0.9 0.5046
0.93 0.5076
0.01 0.5079
0.1801 0.5104
0.32 0.5099
0.98 0.4999
0.49 0.5166
0.91 0.502
0.76 0.5049
0.07 0.5055
0.8 0.5111
0.39 0.5059
0.29 0.5112
0.51 0.5047
