0.0201 0.50435
0.4201 0.5066
0 0.50075
0.9601 0.50835
0.17 0.5055
0.59 0.50595
0.3 0.50425
0.87 0.50355
0.06 0.51235
0.93 0.5046
0.97 0.5075
0.0501 0.50375
0.14 0.5065
0 0.50305
0.4201 0.5031
0.89 0.5055
0.81 0.50685
0.92 0.50675
0.95 0.50355
0.33 0.50395
0.57 0.50675
0.07 0.50465
0.79 0.5094
0.89 0.50415
0.47 0.51365
0.72 0.50545
0.99 0.5074
0.3101 0.5086
0.25 0.50455
0 0.50475
0.35 0.5065
0 0.50305
0.8601 0.51015
0.17 0.5069
0.06 0.50085
0.58 0.5069
0.1501 0.5019
0.9901 0.50345
0.5301 0.5034
0.75 0.5016
0.5401 0.5064
0.86 0.5056
0.99 0.50465
0.9901 0.50415
0.21 0.5016
0.04 0.5053
0.96 0.50155
0.9901 0.50715
0.2 0.509
0.02 0.50175
0.84 0.50655
0.15 0.505
0.96 0.5084
0.3401 0.50315
0.9 0.504
0.99 0.5101
0.0001 0.5016
0.79 0.50905
0.9801 0.5023
0.16 0.5092
0.16 0.50715
0.05 0.50215
0.2901 0.51165
0.86 0.5032
0.98 0.50395
0.18 0.50395
0.02 0.5084
0.13 0.50535
0.17 0.50455
0.9901 0.5046
0.9801 0.50645
0.4401 0.5087
0 0.50125
0.89 0.50335
0.4401 0.501
0.04 0.5042
0.03 0.50485
0.9901 0.505
0.4601 0.50595
0.72 0.5076
0.6401 0.5073
0.61 0.5076
0.07 0.50545
1 0.50265
0.2101 0.5024
0.65 0.5037
0.0501 0.50565
0.03 0.5023
0.02 0.50445
0.9601 0.5053
0.2301 0.5015
0.37 0.5067
0.7 0.5022
0.4 0.51
0.13 0.5024
0.74 0.50445
0.53 0.5036
0.1301 0.5016
0.36 0.50755
0.48 0.5095
