0.309000 0.504800
0.024000 0.503067
0.519000 0.504833
0.273000 0.504500
0.991000 0.502267
0.537000 0.504367
1.000000 0.505600
0.777000 0.507167
0.960000 0.503100
0.717000 0.504567
0.928000 0.507833
0.349000 0.507533
0.441000 0.505200
0.857000 0.506833
0.985000 0.502900
0.423000 0.506400
0.923000 0.504733
0.694000 0.502933
0.210000 0.503833
0.125000 0.504867
0.003000 0.503500
0.066000 0.508833
0.625000 0.504600
0.871000 0.504067
0.895000 0.503233
0.654000 0.507867
0.830000 0.503967
0.736000 0.504900
0.022000 0.504267
0.374000 0.504133
0.015000 0.502400
0.953000 0.507433
0.118000 0.505767
0.563000 0.505367
0.198000 0.502933
0.992000 0.500700
0.298000 0.504933
0.809000 0.504433
0.928000 0.506233
0.882000 0.502900
0.996000 0.501767
0.049000 0.508400
0.521000 0.505400
0.411000 0.507700
0.992000 0.502767
0.804000 0.508667
0.340000 0.503067
0.191000 0.505200
0.960000 0.503233
0.999000 0.502433
0.013000 0.505733
0.154000 0.506867
0.970000 0.502633
0.019000 0.502500
0.078000 0.503167
0.112000 0.506033
0.146000 0.503567
0.691000 0.503967
0.154000 0.504067
0.125000 0.507867
0.719000 0.503233
0.647000 0.504133
0.633000 0.504600
0.234000 0.508467
0.170000 0.506700
0.978000 0.503533
0.007000 0.505833
1.000000 0.503933
0.436000 0.505300
0.008000 0.501900
0.031000 0.504433
0.688000 0.502667
0.433000 0.506733
0.107000 0.503600
0.978000 0.503767
0.672000 0.506367
0.688000 0.509767
0.036000 0.505400
0.729000 0.504067
0.998000 0.502867
0.532000 0.508300
0.747000 0.504133
0.069000 0.504433
0.810000 0.503700
0.746000 0.504500
0.778000 0.505033
0.366000 0.506400
0.959000 0.506700
0.523000 0.505667
0.602000 0.504767
0.238000 0.507167
0.219000 0.508167
0.508000 0.504100
0.987000 0.504600
0.073000 0.504000
0.390000 0.505467
0.302000 0.504100
0.203000 0.503500
0.781000 0.508833
0.404000 0.506533
