0.199000 0.503650
0.156000 0.504800
0.153000 0.505200
0.853000 0.504300
0.450000 0.503300
0.000000 0.503350
0.484000 0.508050
1.000000 0.505000
0.614000 0.508700
0.760000 0.502550
0.737000 0.507700
0.836000 0.506100
0.948000 0.502850
0.359000 0.509800
0.973000 0.503250
0.797000 0.506750
0.317000 0.506950
0.751000 0.504450
0.564000 0.505300
0.405000 0.505700
0.947000 0.505650
0.038000 0.503400
0.774000 0.503450
0.467000 0.510000
0.259000 0.504450
0.996000 0.502300
0.795000 0.508650
0.818000 0.505900
0.956000 0.503550
0.819000 0.504100
0.553000 0.506050
0.585000 0.501800
0.508000 0.506000
0.460000 0.507200
0.074000 0.504700
0.107000 0.504500
0.090000 0.502700
0.182000 0.506150
0.006000 0.502550
0.945000 0.504050
0.453000 0.506700
0.079000 0.511400
0.050000 0.502300
0.848000 0.506100
0.672000 0.503800
0.608000 0.508500
0.859000 0.504050
0.434000 0.507200
0.499000 0.507200
0.107000 0.507700
0.232000 0.503650
0.938000 0.504250
0.895000 0.506100
0.215000 0.510650
0.999000 0.508350
0.468000 0.507150
0.015000 0.503500
0.986000 0.510850
0.871000 0.503350
0.325000 0.510200
0.882000 0.503350
0.010000 0.505650
0.135000 0.505350
0.001000 0.507350
0.017000 0.505800
0.705000 0.505500
0.048000 0.503650
0.155000 0.506950
0.107000 0.513550
0.688000 0.504250
0.121000 0.505400
0.020000 0.508750
0.752000 0.504300
0.938000 0.503900
0.983000 0.502850
0.785000 0.509550
0.526000 0.508050
0.611000 0.504850
0.957000 0.503200
0.917000 0.508700
0.214000 0.505100
0.084000 0.505800
0.425000 0.505600
0.388000 0.506650
0.057000 0.505050
0.403000 0.502550
0.959000 0.506900
0.656000 0.507900
0.000000 0.503150
0.922000 0.509850
0.526000 0.506950
0.585000 0.506900
0.994000 0.508100
0.993000 0.503650
1.000000 0.503150
0.029000 0.504600
0.531000 0.507450
0.999000 0.503050
0.448000 0.507300
0.043000 0.504850
