0.422000 0.504229
0.365000 0.501943
0.965000 0.504000
0.531000 0.502457
0.001000 0.501171
0.704000 0.503886
0.488000 0.506171
0.963000 0.504943
0.035000 0.503429
0.377000 0.503200
0.122000 0.502971
0.656000 0.506314
0.218000 0.505914
0.171000 0.504000
0.887000 0.503971
0.210000 0.504114
0.584000 0.501457
0.313000 0.505457
0.288000 0.505029
0.173000 0.505371
0.920000 0.503486
0.121000 0.503429
0.752000 0.508114
0.122000 0.508029
0.495000 0.503343
0.981000 0.504229
0.007000 0.501800
0.531000 0.504257
0.797000 0.504829
0.071000 0.503743
0.587000 0.502343
0.337000 0.504114
0.198000 0.504314
0.116000 0.504686
0.998000 0.502400
0.042000 0.502943
0.133000 0.504371
0.924000 0.504400
0.395000 0.503629
0.881000 0.505686
0.880000 0.506171
0.040000 0.505000
0.868000 0.506914
0.028000 0.502457
0.077000 0.504229
0.100000 0.502257
0.650000 0.504943
0.997000 0.502514
0.294000 0.504543
0.736000 0.504971
