0.985800 0.500920
0.015100 0.501740
0.034600 0.502680
0.982700 0.504840
0.773900 0.504660
0.737900 0.501160
0.984200 0.503860
0.986300 0.504480
0.993600 0.505680
0.996400 0.502820
0.994900 0.502200
0.986100 0.503720
0.288200 0.505660
0.964100 0.503200
0.898500 0.504120
0.209900 0.504520
0.002200 0.501240
0.947400 0.501040
0.802100 0.502220
0.737600 0.505540
0.039900 0.505280
0.707200 0.500640
0.661900 0.501540
0.030200 0.501700
0.812400 0.503900
0.101900 0.502680
0.999000 0.505120
0.698800 0.502040
0.671200 0.501580
0.297400 0.504920
0.810100 0.505600
0.553200 0.503600
0.039200 0.502720
0.741800 0.503780
0.862100 0.503100
0.581200 0.504720
0.401500 0.505120
0.899100 0.505540
0.408700 0.503620
0.375100 0.504440
0.592600 0.504340
0.652200 0.503560
0.766500 0.505040
0.978500 0.502780
0.108600 0.502640
0.785100 0.501280
0.955100 0.504040
0.750700 0.503740
0.110400 0.502880
0.199400 0.505580
