0.926900 0.531000
0.161200 0.540000
1.000000 0.504000
0.750400 0.537000
0.018000 0.518000
0.457800 0.538000
0.268500 0.540000
0.967400 0.525000
0.961400 0.523000
0.710400 0.547000
0.850600 0.515000
0.253600 0.537000
0.395500 0.533000
0.510800 0.529000
0.987500 0.529000
0.895800 0.516000
0.452700 0.514000
0.152900 0.527000
0.999500 0.513000
0.751500 0.533000
0.137500 0.538000
0.059900 0.530000
0.000900 0.521000
0.973000 0.536000
0.587000 0.527000
0.928200 0.531000
0.060300 0.514000
0.491000 0.537000
0.033200 0.551000
0.960300 0.524000
0.296600 0.522000
0.007600 0.505000
0.663400 0.522000
0.743600 0.521000
0.228700 0.529000
0.022900 0.544000
0.209300 0.523000
0.002200 0.522000
0.589200 0.526000
0.373600 0.521000
0.588500 0.524000
0.138400 0.540000
0.035000 0.509000
0.755800 0.535000
0.892500 0.523000
0.953900 0.508000
0.711200 0.516000
0.229100 0.545000
0.001900 0.523000
0.433200 0.526000
