0.67 0.505325
0.01 0.502125
0.47 0.50115
0.89 0.50355
0.38 0.502375
0.36 0.50235
0.65 0.5088
0.21 0.500575
0.74 0.5052
0.8 0.503375
0.21 0.5017
0.99 0.501675
0 0.503025
0.06 0.500875
0.95 0.505175
1 0.5015
0.2701 0.506725
0.15 0.501675
0.61 0.503775
1 0.5024
0.8 0.50255
0.73 0.504225
0.08 0.5018
0.33 0.504
1 0.503575
0.76 0.5044
0.9601 0.50555
0.76 0.504425
0.96 0.50175
0.9201 0.502375
0.62 0.50285
0.25 0.50265
0.5801 0.503
0.1 0.5042
0.82 0.5031
0.01 0.503125
0.54 0.502725
0.06 0.50515
0.85 0.502375
0.31 0.502775
0.99 0.502
0.9901 0.501625
0.0001 0.50195
0.04 0.506025
0.79 0.504125
0.53 0.50475
0.2901 0.503275
0.94 0.5056
1 0.501825
0.69 0.5024
