0.1011 0.505
0.3491 0.5106
0.983 0.512
1 0.5004
0.741 0.5084
0.361 0.5094
0.0001 0.5094
0.512 0.5178
0.995 0.5096
0.4401 0.5118
0.074 0.5056
0.546 0.5102
0.033 0.516
0.015 0.5044
0.612 0.5174
1 0.5068
0.789 0.51
0.856 0.5084
0.65 0.5084
0.858 0.5092
1 0.5078
0.982 0.5046
0.996 0.5044
0.011 0.5064
0.67 0.5168
0.001 0.505
0.065 0.506
0.9441 0.506
0.103 0.5088
0.079 0.518
0.022 0.5042
0.3451 0.5056
0.711 0.5238
0.815 0.5184
0.2071 0.5122
0.13 0.5098
0.9421 0.51
0.543 0.5144
0.013 0.5008
0.483 0.516
0 0.5158
0.9991 0.511
0.58 0.5148
1 0.509
0.755 0.504
0.621 0.509
0.998 0.5092
0.932 0.5042
0.95 0.507
0.9991 0.5082
0.307 0.5178
0.0051 0.5042
1 0.5148
0.982 0.5046
0.014 0.507
0.999 0.5054
0.797 0.5196
0.9991 0.5184
0.972 0.504
0.9991 0.5138
0.106 0.5046
0.87 0.5084
0.481 0.5192
0.797 0.5184
0.341 0.508
0.753 0.5124
0.007 0.5118
0.811 0.5092
0.65 0.511
0.769 0.5134
0.991 0.5096
0.926 0.5122
0.699 0.511
0.695 0.5092
0.518 0.5112
0.478 0.513
0.033 0.5122
0.993 0.5016
0.256 0.5184
0.954 0.51
0.0101 0.5108
0.036 0.5116
0.237 0.5196
0.083 0.5096
0.242 0.5186
0.202 0.507
0 0.5144
0.9051 0.5066
0.753 0.506
0.985 0.5042
0.501 0.5114
0.977 0.512
0 0.5044
0.3121 0.5092
0.077 0.5044
0.309 0.5054
0.676 0.5094
0.675 0.5056
0.993 0.5054
0.989 0.5146
