0.086000 0.504200
0.166000 0.506920
0.322000 0.505240
0.001000 0.501320
0.207000 0.503840
0.087000 0.504480
0.973000 0.503240
0.959000 0.504120
0.334000 0.507640
0.354000 0.504440
1.000000 0.501840
0.503000 0.500640
0.108000 0.504800
0.995000 0.503480
0.093000 0.504200
0.932000 0.505120
0.077000 0.504840
0.743000 0.504000
0.586000 0.505960
0.045000 0.506240
0.584000 0.507200
0.122000 0.504240
0.079000 0.502440
0.059000 0.503800
0.040000 0.506120
0.731000 0.507000
0.277000 0.503720
0.940000 0.508000
0.383000 0.509080
0.977000 0.503880
0.124000 0.504440
1.000000 0.504800
0.152000 0.505640
0.027000 0.500480
0.019000 0.504920
0.588000 0.504440
0.008000 0.503440
0.909000 0.503560
0.962000 0.503640
0.010000 0.502760
0.667000 0.504880
0.009000 0.503680
0.019000 0.502600
0.066000 0.507160
0.953000 0.507000
0.519000 0.510360
0.027000 0.505280
0.048000 0.504840
0.106000 0.504600
0.001000 0.505280
0.343000 0.506120
0.922000 0.509640
0.578000 0.507760
0.209000 0.506960
0.973000 0.504880
0.328000 0.506720
0.554000 0.506880
0.506000 0.508520
0.675000 0.508000
0.746000 0.503800
0.518000 0.507280
0.557000 0.502920
0.624000 0.504920
0.971000 0.505760
0.173000 0.508680
0.945000 0.501080
0.094000 0.502080
0.983000 0.503320
0.932000 0.501000
0.709000 0.503800
0.842000 0.507800
0.957000 0.508360
0.854000 0.505960
0.259000 0.502480
0.767000 0.503520
0.058000 0.510720
0.562000 0.504000
0.966000 0.507760
0.263000 0.502760
0.039000 0.505400
0.995000 0.506760
0.497000 0.507760
0.910000 0.506160
0.994000 0.502600
0.183000 0.506040
0.005000 0.508280
0.061000 0.502200
0.388000 0.507200
0.675000 0.504680
0.999000 0.504720
0.022000 0.502880
0.564000 0.505000
0.110000 0.507600
0.000000 0.503080
0.166000 0.512560
0.129000 0.504240
0.006000 0.503680
0.050000 0.504120
0.138000 0.504600
0.414000 0.503440
