0.876000 0.507800
0.318000 0.504500
0.744000 0.509400
0.220000 0.504900
0.991000 0.506900
0.998000 0.507700
0.458000 0.506400
0.489000 0.513000
0.143000 0.506800
0.825000 0.509500
0.624000 0.504700
0.650000 0.515300
0.103000 0.507000
0.978000 0.513200
0.410000 0.506300
0.387000 0.504600
0.881000 0.512100
0.846000 0.508800
0.236000 0.507600
0.261000 0.506600
0.329000 0.514800
0.464000 0.508300
0.509000 0.508700
0.483000 0.509000
0.086000 0.505500
0.003000 0.504500
0.884000 0.512900
0.316000 0.507200
0.953000 0.505000
0.068000 0.509300
0.217000 0.505600
0.874000 0.505400
0.835000 0.507200
0.473000 0.508400
0.957000 0.505000
0.596000 0.508600
0.062000 0.502200
0.059000 0.511100
0.354000 0.509100
0.270000 0.508800
0.602000 0.508300
0.893000 0.508300
0.927000 0.506600
0.387000 0.508100
0.064000 0.507400
0.982000 0.506200
0.982000 0.512000
0.055000 0.505400
0.763000 0.502200
0.680000 0.510800
0.015000 0.506100
0.006000 0.501600
0.670000 0.501800
0.047000 0.504900
0.992000 0.500600
0.146000 0.507900
0.978000 0.507600
0.454000 0.503500
0.588000 0.502800
0.848000 0.505700
0.829000 0.507100
1.000000 0.504400
0.986000 0.504100
0.915000 0.508300
0.630000 0.508400
0.916000 0.507300
0.838000 0.506800
0.915000 0.507900
0.871000 0.503600
0.862000 0.508600
0.177000 0.516900
0.353000 0.507000
0.113000 0.508600
0.512000 0.510700
0.106000 0.512400
0.066000 0.507300
0.489000 0.504700
0.832000 0.506600
0.789000 0.506400
0.316000 0.508600
0.172000 0.515000
0.129000 0.506500
0.076000 0.515100
0.206000 0.510600
0.604000 0.509200
0.191000 0.505600
0.004000 0.502200
0.961000 0.505400
0.455000 0.506000
0.954000 0.511400
0.509000 0.508400
0.765000 0.510800
0.847000 0.510300
0.000000 0.506400
0.486000 0.508600
0.787000 0.504500
0.026000 0.505800
0.995000 0.503500
0.997000 0.506400
0.051000 0.508100
