0.289 0.5066
0.278 0.506267
0.623 0.502
0.093 0.504533
0.771 0.502933
0.033 0.502667
0.943 0.502667
0.152 0.5112
0.517 0.5044
0.206 0.506933
0.2381 0.5044
0.3151 0.503733
0.098 0.5056
0.131 0.505467
0.304 0.508
0.214 0.505933
0.051 0.501467
0.654 0.5084
0.5201 0.507333
0.066 0.506733
0.197 0.5042
0.886 0.5082
0.216 0.5046
0.452 0.514733
0.936 0.509467
0.281 0.504133
0.82 0.510067
0.927 0.505933
0.911 0.508333
0.56 0.507467
0.872 0.5072
0.185 0.502467
0.819 0.508533
0.2961 0.505867
0.134 0.508
0 0.5058
0.816 0.506467
0.998 0.506467
0.635 0.506267
0.005 0.5066
0.168 0.506533
0.141 0.5058
0.1341 0.5062
0.065 0.507667
0.75 0.506667
0.067 0.505867
0.006 0.5106
0.816 0.503533
0.667 0.505067
0.0011 0.508067
0.698 0.510933
0.9431 0.509333
0.645 0.51
0.995 0.506733
0.001 0.502067
0.083 0.5062
0.995 0.506133
0.035 0.506533
0.9261 0.504333
0.012 0.504067
0.528 0.505
0.485 0.507333
0.262 0.507267
0.8071 0.5036
0.417 0.511067
0.137 0.503867
0.825 0.512333
0.969 0.506
0.084 0.505467
0.588 0.505533
0.368 0.5058
0.772 0.5058
0.376 0.508067
0.3431 0.507133
0.764 0.510467
0 0.5048
0.582 0.511533
0.678 0.505467
0.941 0.508333
0.013 0.505333
0.056 0.507533
0.9211 0.505733
0.064 0.509333
0.46 0.507133
0.3261 0.5034
0.426 0.506267
0.394 0.506133
0.874 0.502533
0.055 0.504667
0.177 0.509067
0.319 0.515267
0.147 0.504333
0.828 0.509733
0.814 0.507333
0.961 0.510733
0.947 0.508667
0.916 0.5026
0.94 0.506333
0.358 0.5024
0.065 0.5044
