0.193 0.528
0.101 0.52
0.291 0.56
0.051 0.522
0.688 0.517
0.021 0.511
0.964 0.519
0.727 0.518
0.036 0.54
0.011 0.518
0.221 0.54
0.36 0.526
0.773 0.516
1 0.531
0.842 0.518
0.504 0.525
0.148 0.531
0.352 0.527
0.646 0.513
0.999 0.526
0.27 0.516
0.013 0.533
0.968 0.522
0.03 0.52
0.929 0.521
0.116 0.537
0.084 0.528
0.665 0.528
0.011 0.506
0.87 0.521
0.827 0.519
0.605 0.514
0.427 0.522
0.048 0.522
0.557 0.523
0.721 0.528
0.279 0.537
0.712 0.522
0.421 0.541
0.156 0.533
0.252 0.535
0.8 0.53
0.898 0.526
0.995 0.509
0.265 0.528
0.361 0.533
0.564 0.532
0.799 0.514
0.018 0.547
0.951 0.509
0.678 0.524
0.969 0.521
0.958 0.511
0.052 0.51
0.529 0.535
0.96 0.548
0.123 0.537
0.31 0.526
0.343 0.529
0.371 0.524
0.011 0.534
0.897 0.537
0.283 0.515
0.023 0.52
0.18 0.522
0.168 0.52
0.001 0.521
0.972 0.518
0.977 0.532
0.496 0.511
0.785 0.54
0.004 0.516
0.998 0.521
0.226 0.529
0.53 0.543
0.073 0.535
0.489 0.525
0.74 0.525
0.517 0.516
0.999 0.516
0.011 0.553
0.006 0.509
0.152 0.528
1 0.52
0.104 0.523
0.008 0.525
0.999 0.524
0.478 0.512
0.687 0.523
0.294 0.541
0.738 0.529
0.234 0.513
0.336 0.53
0.383 0.515
0.017 0.532
0.424 0.515
0.947 0.511
0.998 0.525
0.98 0.522
0.025 0.519
