0.719000 0.507200
0.688400 0.503900
0.071000 0.502350
0.615200 0.506250
0.000000 0.501150
0.998700 0.505550
0.819800 0.502700
0.790600 0.506100
0.567400 0.504850
0.952100 0.502500
0.033400 0.503950
0.472000 0.510150
0.279900 0.514050
0.438100 0.508400
0.411700 0.505450
0.554900 0.509500
0.085900 0.503150
0.727000 0.503550
0.918600 0.505200
0.958000 0.506150
0.001500 0.505350
0.679400 0.507200
0.699300 0.503850
0.379300 0.505850
0.496100 0.505550
0.399300 0.504850
0.969000 0.507350
0.695800 0.506100
0.981700 0.504400
0.542800 0.508350
0.933100 0.504400
0.871800 0.501850
0.501100 0.506100
0.241900 0.507050
0.069700 0.503750
0.126400 0.504350
0.689500 0.506100
0.918500 0.505900
0.212500 0.508200
0.250600 0.504900
0.955600 0.506750
0.004100 0.504200
0.096600 0.505000
0.997700 0.506600
0.784500 0.504350
0.539300 0.510500
0.077200 0.503850
0.667200 0.507550
0.906800 0.503400
0.186500 0.503950
0.639500 0.510150
0.919500 0.500900
0.200600 0.503400
0.996300 0.504100
0.007900 0.503750
0.167000 0.509450
0.886400 0.503950
0.377000 0.505650
0.868400 0.506350
0.106700 0.504550
0.362700 0.504350
0.869700 0.503550
0.315800 0.507150
0.005500 0.503850
0.010900 0.502550
0.685900 0.505250
0.103000 0.504550
0.337800 0.502550
0.489300 0.509350
0.860000 0.505200
0.293000 0.506100
0.136100 0.506150
0.940100 0.506300
0.209700 0.507750
0.038100 0.504800
0.933700 0.505300
0.674400 0.510650
0.792900 0.505500
0.626300 0.506000
0.677900 0.509650
0.118500 0.501800
0.986300 0.502850
0.000500 0.503950
0.915300 0.507250
0.999700 0.501850
0.879700 0.502950
0.204200 0.506200
0.836700 0.504400
0.971200 0.503800
0.184000 0.503250
0.207600 0.505250
0.740200 0.501700
0.957800 0.509450
0.976900 0.502000
0.301200 0.505700
0.458300 0.507750
0.421800 0.504450
0.114600 0.503900
0.342800 0.507250
0.291900 0.504250
