0.877200 0.517800
0.209100 0.518200
0.508600 0.508400
0.708600 0.518800
0.036100 0.509800
0.590400 0.508200
0.952300 0.507800
0.487100 0.510400
0.127800 0.505200
0.535700 0.518000
0.674000 0.502600
0.998200 0.513600
0.993700 0.513000
0.202300 0.512200
0.909600 0.513400
0.343800 0.519000
0.385400 0.506600
0.529600 0.514000
0.550800 0.513600
0.631700 0.505200
0.976100 0.507000
0.999100 0.505600
0.831700 0.513400
0.695500 0.511400
0.999900 0.507000
0.009100 0.505400
0.938100 0.508400
0.189500 0.505800
0.632100 0.505600
0.127400 0.507800
0.177300 0.517200
0.008300 0.508600
0.124000 0.510200
0.479600 0.518400
0.934700 0.504200
0.095300 0.503400
0.986900 0.516600
0.148800 0.517600
0.894000 0.520000
0.287600 0.510400
0.998500 0.505000
1.000000 0.512800
0.981400 0.515600
0.705900 0.509000
0.004900 0.503000
0.999700 0.515000
0.860700 0.512600
0.235500 0.505000
0.927600 0.508400
0.361500 0.511600
0.618000 0.516400
0.069200 0.509400
0.062300 0.508000
0.986900 0.506200
0.299900 0.511400
0.810800 0.509200
0.113700 0.521200
0.347800 0.503400
0.017600 0.512800
0.991800 0.506600
0.403000 0.515600
0.345900 0.506200
0.005100 0.509800
0.346600 0.516200
0.989300 0.510800
0.627200 0.510600
0.380200 0.514000
0.138700 0.516000
0.001200 0.513600
0.887300 0.508000
0.000600 0.511400
0.079400 0.516600
0.396100 0.510400
0.426600 0.514600
0.870200 0.512000
0.613700 0.513000
0.784200 0.514400
0.532900 0.514200
0.433400 0.507800
0.405500 0.516000
0.080100 0.511000
0.015400 0.507200
0.638400 0.515600
0.618000 0.505400
0.399100 0.512000
0.956000 0.503400
0.538800 0.506600
0.970000 0.514600
0.991500 0.510600
0.481000 0.509000
0.861700 0.515200
0.999300 0.519000
0.495300 0.511600
0.949100 0.514800
0.144800 0.512200
0.996400 0.514800
0.452600 0.507400
0.026800 0.506000
0.134400 0.513200
0.142400 0.505600
