0.526 0.5051
0.259 0.502725
0.281 0.5061
0.011 0.503775
0.004 0.5044
0.9881 0.5025
0.951 0.501575
0.643 0.507725
0.659 0.50415
0.92 0.504025
0.859 0.502625
0.428 0.505475
0.665 0.50305
0.08 0.5034
0.543 0.504975
0.9881 0.50125
0.521 0.505725
0.551 0.504125
0.776 0.5023
0.949 0.505625
0.729 0.501875
0.415 0.503275
0.889 0.5052
0.008 0.50345
0.116 0.501075
0.98 0.501225
0.9821 0.503
0.3391 0.504075
0.87 0.508
0.9821 0.50665
0.988 0.50285
0.691 0.5048
0.948 0.5013
0.232 0.50615
0.489 0.506775
0.006 0.5009
0.69 0.503925
0.9301 0.5033
0.041 0.5027
0.112 0.50275
0.563 0.5033
0.9931 0.501475
0.584 0.504375
0.936 0.501875
0.81 0.503025
0.983 0.501
0.996 0.5016
0.902 0.502125
0.175 0.505625
0.903 0.504625
