0.040000 0.504350
0.440000 0.506600
0.000000 0.500750
0.970000 0.508350
0.170000 0.505500
0.590000 0.505950
0.300000 0.504250
0.870000 0.503550
0.060000 0.512350
0.930000 0.504600
0.970000 0.507500
0.060000 0.503750
0.140000 0.506500
0.000000 0.503050
0.430000 0.503100
0.890000 0.505500
0.810000 0.506850
0.920000 0.506750
0.950000 0.503550
0.330000 0.503950
0.570000 0.506750
0.070000 0.504650
0.790000 0.509400
0.890000 0.504150
0.470000 0.513650
0.720000 0.505450
0.990000 0.507400
0.320000 0.508600
0.250000 0.504550
0.000000 0.504750
0.350000 0.506500
0.000000 0.503050
0.870000 0.510150
0.170000 0.506900
0.060000 0.500850
0.580000 0.506900
0.160000 0.501900
1.000000 0.503450
0.540000 0.503400
0.760000 0.501600
0.550000 0.506400
0.860000 0.505600
0.990000 0.504650
1.000000 0.504150
0.210000 0.501600
0.040000 0.505300
0.960000 0.501550
1.000000 0.507150
0.200000 0.509000
0.020000 0.501750
0.840000 0.506550
0.150000 0.505000
0.960000 0.508400
0.350000 0.503150
0.900000 0.504000
0.990000 0.510100
0.010000 0.501600
0.790000 0.509050
0.990000 0.502300
0.160000 0.509200
0.160000 0.507150
0.050000 0.502150
0.300000 0.511650
0.860000 0.503200
0.980000 0.503950
0.180000 0.503950
0.020000 0.508400
0.130000 0.505350
0.170000 0.504550
0.840000 0.504600
0.990000 0.506450
0.450000 0.508700
0.000000 0.501250
0.890000 0.503350
0.450000 0.501000
0.040000 0.504200
0.030000 0.504850
1.000000 0.505000
0.470000 0.505950
0.720000 0.507600
0.650000 0.507300
0.610000 0.507600
0.070000 0.505450
1.000000 0.502650
0.220000 0.502400
0.650000 0.503700
0.060000 0.505650
0.030000 0.502300
0.020000 0.504450
0.970000 0.505300
0.240000 0.501500
0.370000 0.506700
0.700000 0.502200
0.400000 0.510000
0.130000 0.502400
0.740000 0.504450
0.530000 0.503600
0.140000 0.501600
0.360000 0.507550
0.480000 0.509500
