0.780000 0.505467
0.110000 0.510067
1.000000 0.504400
0.210000 0.503733
0.910000 0.511867
0.030000 0.500800
0.200000 0.503933
0.790000 0.505333
0.070000 0.506267
0.660000 0.505867
0.850000 0.511533
0.470000 0.511533
0.180000 0.509400
0.960000 0.503600
0.070000 0.504400
0.030000 0.506200
0.310000 0.502933
0.980000 0.502400
0.550000 0.508933
0.630000 0.505800
0.070000 0.508400
1.000000 0.502333
0.960000 0.505600
0.240000 0.505400
0.970000 0.507533
0.850000 0.502467
0.510000 0.502333
0.020000 0.508800
0.750000 0.506333
0.270000 0.508333
0.030000 0.504000
0.300000 0.504133
0.060000 0.507667
0.970000 0.504867
0.150000 0.502533
0.760000 0.505800
0.480000 0.502400
0.330000 0.506600
0.580000 0.504200
0.750000 0.509133
0.460000 0.506333
0.940000 0.503067
0.050000 0.508867
0.370000 0.508200
0.010000 0.505933
0.110000 0.501533
0.000000 0.501400
0.130000 0.503533
0.960000 0.503867
0.650000 0.510933
0.970000 0.505200
0.600000 0.503667
0.060000 0.507267
0.420000 0.504267
0.440000 0.504333
0.490000 0.508200
0.180000 0.502800
0.980000 0.507467
0.850000 0.507600
0.190000 0.503467
0.700000 0.504800
0.990000 0.502533
0.080000 0.506067
1.000000 0.500467
0.000000 0.503467
0.760000 0.506333
0.960000 0.505667
0.890000 0.504533
0.700000 0.509000
0.060000 0.504467
0.510000 0.504067
0.730000 0.503267
0.840000 0.505600
0.520000 0.507067
0.270000 0.508733
0.060000 0.508400
0.320000 0.502333
0.790000 0.505533
0.310000 0.508000
0.200000 0.506133
0.300000 0.505600
0.260000 0.503800
0.910000 0.505800
0.650000 0.509067
0.560000 0.503800
1.000000 0.508200
0.670000 0.506200
1.000000 0.505667
0.020000 0.505133
0.000000 0.508267
0.100000 0.503933
0.290000 0.504267
0.750000 0.503467
0.960000 0.511200
0.840000 0.505933
0.960000 0.504133
0.440000 0.506333
0.140000 0.505200
0.000000 0.503867
0.000000 0.504467
