0.422 0.504229
0.3641 0.501943
0.965 0.504
0.531 0.502457
0.004 0.501171
0.704 0.503886
0.488 0.506171
0.963 0.504943
0.0341 0.503429
0.3761 0.5032
0.122 0.502971
0.656 0.506314
0.218 0.505914
0.1701 0.504
0.887 0.503971
0.21 0.504114
0.584 0.501457
0.3121 0.505457
0.288 0.505029
0.173 0.505371
0.9191 0.503486
0.122 0.503429
0.752 0.508114
0.122 0.508029
0.495 0.503343
0.981 0.504229
0.007 0.5018
0.531 0.504257
0.797 0.504829
0.071 0.503743
0.587 0.502343
0.337 0.504114
0.198 0.504314
0.116 0.504686
0.998 0.5024
0.042 0.502943
0.1321 0.504371
0.924 0.5044
0.395 0.503629
0.881 0.505686
0.88 0.506171
0.04 0.505
0.868 0.506914
0.028 0.502457
0.077 0.504229
0.1 0.502257
0.65 0.504943
0.9961 0.502514
0.2931 0.504543
0.736 0.504971
