0.197 0.50312
0.959 0.50746
0.027 0.50382
0.023 0.50284
0.654 0.505
0.097 0.50402
0.1121 0.50212
0.939 0.50212
0.94 0.50384
0.9791 0.503
0.799 0.50288
0.006 0.50434
0.259 0.5044
0.461 0.50294
0.002 0.50256
0.316 0.50294
0.883 0.50204
0.243 0.50286
0.2211 0.50234
0.506 0.50246
0.418 0.50406
0.141 0.50642
0.399 0.5022
0.149 0.50632
0.4121 0.50652
0.771 0.50414
0.598 0.50404
0.994 0.5073
0.007 0.50174
0.621 0.50774
0.541 0.50214
0.873 0.50304
0.9991 0.50538
0.2021 0.50456
0.209 0.50282
0.303 0.5033
0.181 0.502
0.657 0.50314
0.7 0.50302
0.4 0.50302
0.655 0.50586
0.207 0.50338
0.422 0.50288
0.008 0.50142
0.32 0.50402
0.433 0.50278
0.695 0.50418
0.3711 0.5028
0.155 0.50318
0.006 0.50066
