0.78 0.505467
0.1001 0.510067
1 0.5044
0.21 0.503733
0.91 0.511867
0.03 0.5008
0.2 0.503933
0.79 0.505333
0.07 0.506267
0.66 0.505867
0.85 0.511533
0.47 0.511533
0.18 0.5094
0.96 0.5036
0.0601 0.5044
0.03 0.5062
0.3001 0.502933
0.98 0.5024
0.5401 0.508933
0.63 0.5058
0.07 0.5084
1 0.502333
0.9501 0.5056
0.2301 0.5054
0.9601 0.507533
0.85 0.502467
0.51 0.502333
0.0101 0.5088
0.75 0.506333
0.27 0.508333
0.03 0.504
0.2901 0.504133
0.06 0.507667
0.97 0.504867
0.15 0.502533
0.7501 0.5058
0.48 0.5024
0.33 0.5066
0.58 0.5042
0.75 0.509133
0.46 0.506333
0.94 0.503067
0.05 0.508867
0.37 0.5082
0.01 0.505933
0.11 0.501533
0 0.5014
0.13 0.503533
0.9501 0.503867
0.65 0.510933
0.97 0.5052
0.6 0.503667
0.06 0.507267
0.42 0.504267
0.44 0.504333
0.49 0.5082
0.18 0.5028
0.98 0.507467
0.85 0.5076
0.19 0.503467
0.7 0.5048
0.9801 0.502533
0.08 0.506067
0.9901 0.500467
0 0.503467
0.76 0.506333
0.96 0.505667
0.89 0.504533
0.6901 0.509
0.06 0.504467
0.51 0.504067
0.73 0.503267
0.84 0.5056
0.53 0.507067
0.27 0.508733
0.06 0.5084
0.3101 0.502333
0.79 0.505533
0.3001 0.508
0.2 0.506133
0.2901 0.5056
0.26 0.5038
0.91 0.5058
0.65 0.509067
0.56 0.5038
0.9901 0.5082
0.67 0.5062
0.9901 0.505667
0.02 0.505133
0 0.508267
0.1 0.503933
0.2801 0.504267
0.75 0.503467
0.96 0.5112
0.84 0.505933
0.96 0.504133
0.4301 0.506333
0.1301 0.5052
0 0.503867
0 0.504467
