0.440000 0.503300
0.920000 0.505000
0.820000 0.502400
0.070000 0.507500
0.480000 0.512000
0.810000 0.506200
0.500000 0.503400
0.130000 0.510800
0.910000 0.507600
0.770000 0.510000
0.650000 0.506600
0.400000 0.504200
0.840000 0.508900
0.260000 0.506500
0.180000 0.504500
1.000000 0.502100
0.590000 0.507300
0.440000 0.503800
0.150000 0.504900
0.040000 0.502300
0.790000 0.512900
0.990000 0.501200
0.400000 0.506800
0.400000 0.515300
0.800000 0.504400
0.770000 0.506700
0.600000 0.510900
0.110000 0.511100
0.140000 0.508900
0.830000 0.508700
0.950000 0.510000
0.510000 0.507900
0.900000 0.503200
0.950000 0.504500
0.790000 0.508100
0.060000 0.503700
0.010000 0.502200
0.440000 0.511200
0.160000 0.507100
0.050000 0.506200
0.350000 0.511700
0.080000 0.503600
0.000000 0.505100
0.980000 0.512700
0.970000 0.501600
0.900000 0.502700
0.900000 0.510900
0.090000 0.508900
0.190000 0.510500
0.020000 0.506100
0.020000 0.505700
0.040000 0.504700
0.000000 0.505800
0.980000 0.503600
0.070000 0.505000
0.010000 0.502200
0.460000 0.508500
0.500000 0.502700
1.000000 0.501500
0.200000 0.506200
0.950000 0.505900
0.610000 0.508400
0.620000 0.509100
0.060000 0.505900
0.170000 0.505400
0.990000 0.504100
0.430000 0.506500
0.220000 0.504000
0.740000 0.510700
1.000000 0.502600
0.160000 0.504700
0.510000 0.501800
0.200000 0.502000
0.160000 0.510300
0.910000 0.508100
0.210000 0.504600
0.020000 0.503200
0.890000 0.510600
0.050000 0.505200
0.740000 0.508800
0.890000 0.510200
0.340000 0.510800
0.210000 0.517100
0.090000 0.501600
0.050000 0.516200
0.060000 0.506500
0.900000 0.504600
0.970000 0.507600
0.010000 0.507900
0.190000 0.510400
0.320000 0.509900
0.980000 0.499900
0.490000 0.516600
0.940000 0.502000
0.760000 0.504900
0.070000 0.505500
0.780000 0.511100
0.390000 0.505900
0.290000 0.511200
0.510000 0.504700
