0.820000 0.503857
0.540000 0.504600
0.580000 0.501286
0.430000 0.502943
0.590000 0.504743
0.270000 0.504600
0.830000 0.506229
0.490000 0.505229
0.500000 0.502229
0.000000 0.505286
0.460000 0.504629
0.510000 0.501429
0.030000 0.502143
0.970000 0.506114
1.000000 0.502914
0.680000 0.505714
1.000000 0.503943
0.560000 0.503229
0.270000 0.502514
0.030000 0.501771
0.000000 0.501257
0.150000 0.503457
0.990000 0.501600
0.880000 0.507343
0.200000 0.501600
0.720000 0.504400
0.750000 0.504343
0.640000 0.502200
0.240000 0.505857
0.270000 0.504343
0.100000 0.505200
0.840000 0.503114
0.050000 0.502971
0.480000 0.504343
1.000000 0.506086
0.880000 0.501943
0.210000 0.505571
0.130000 0.502886
0.990000 0.504229
0.960000 0.504914
0.760000 0.502486
0.740000 0.506171
0.030000 0.500429
0.070000 0.503971
0.900000 0.503057
0.760000 0.503914
0.000000 0.505486
1.000000 0.501971
0.360000 0.506143
0.990000 0.509714
