0.010000 0.501280
0.080000 0.504440
0.770000 0.507320
0.050000 0.501200
1.000000 0.501040
0.520000 0.503720
0.960000 0.503240
0.850000 0.501640
1.000000 0.502640
0.000000 0.505400
0.000000 0.500000
0.150000 0.503560
0.130000 0.507760
0.780000 0.505440
0.470000 0.508600
0.770000 0.506720
0.380000 0.502160
0.390000 0.502720
0.660000 0.506720
0.480000 0.506040
0.020000 0.502760
0.940000 0.500840
0.460000 0.505400
0.870000 0.502320
0.270000 0.502080
0.100000 0.502880
0.970000 0.506760
0.690000 0.502000
0.420000 0.509400
0.140000 0.503720
0.030000 0.501840
0.770000 0.505840
0.730000 0.504360
0.010000 0.506800
1.000000 0.503240
0.130000 0.505880
0.820000 0.501240
0.780000 0.504360
0.880000 0.502200
0.990000 0.503360
0.240000 0.502760
0.480000 0.506000
0.030000 0.506440
0.780000 0.505120
0.340000 0.504880
0.630000 0.504720
0.850000 0.504240
0.050000 0.501880
0.670000 0.505400
0.460000 0.505800
0.320000 0.507080
0.110000 0.508720
0.080000 0.505720
0.650000 0.503040
0.630000 0.502320
0.600000 0.501720
0.030000 0.506520
0.360000 0.504960
1.000000 0.504280
0.080000 0.505640
0.670000 0.505200
0.010000 0.502960
0.410000 0.504520
0.090000 0.501840
0.910000 0.505200
0.860000 0.504560
0.010000 0.504560
0.290000 0.508720
0.630000 0.505440
1.000000 0.501600
0.180000 0.504600
0.380000 0.502720
0.000000 0.503000
0.050000 0.507640
0.940000 0.502120
0.380000 0.505320
0.820000 0.503960
0.870000 0.501440
0.140000 0.504480
0.050000 0.504080
0.200000 0.505840
0.110000 0.507200
0.610000 0.505240
0.980000 0.503640
0.280000 0.504960
0.020000 0.501120
0.470000 0.500800
0.910000 0.504680
0.910000 0.507560
0.980000 0.505800
0.520000 0.504720
0.310000 0.506920
0.040000 0.509200
0.260000 0.506080
0.360000 0.501120
0.850000 0.505040
0.930000 0.505840
0.200000 0.504080
0.920000 0.507720
0.080000 0.507560
