0.88 0.5108
0.93 0.5094
1 0.5008
0.46 0.5094
0.9901 0.5012
0.96 0.5102
0.02 0.5136
0.08 0.5026
0.73 0.508
0.47 0.5124
0.6401 0.5076
0.47 0.5102
0.2801 0.5208
0.2101 0.5178
0.96 0.5106
0.6801 0.5146
0 0.5098
0.0001 0.5048
0.1701 0.508
0.9701 0.5104
0.9701 0.5126
0.2201 0.5072
0.9001 0.5086
0.68 0.5044
0.83 0.5102
0.61 0.5222
0.8701 0.5048
0.96 0.5034
0.2701 0.5104
0 0.5106
0.99 0.5046
0.55 0.5104
0.22 0.5046
0.9601 0.5056
0.77 0.5146
0.64 0.512
0.3501 0.5188
0.01 0.5116
0.32 0.5064
0 0.5116
0.7301 0.5028
0.4701 0.509
0.81 0.51
0.44 0.5138
0.88 0.506
0.3001 0.508
0.3001 0.5138
0.48 0.519
0 0.508
0.91 0.5104
0.87 0.5064
0.08 0.505
0.61 0.5172
0.18 0.5142
0.07 0.5078
0.1 0.5036
0.65 0.5102
0.8701 0.5114
0.97 0.5046
0.3601 0.5094
0.8301 0.5092
0.05 0.508
0.6601 0.5148
0.97 0.5022
0.93 0.5066
0.2801 0.521
0.0301 0.5102
0.86 0.5146
0.3 0.517
0.88 0.5136
0.66 0.5094
0.19 0.5106
0.3001 0.5142
0 0.5044
0.13 0.5192
0.98 0.5032
0.99 0.506
1 0.5088
0.95 0.509
0.13 0.506
0.98 0.5034
0.4601 0.5136
0.09 0.5092
0.1 0.508
0.42 0.5116
0.3301 0.506
0.05 0.5104
0.01 0.5124
0.74 0.5096
0.58 0.5116
0.9901 0.5138
0.94 0.5104
1 0.5102
0.3201 0.5184
0.48 0.5184
0.8001 0.5104
0 0.5078
0.47 0.5172
0.43 0.5088
0.9001 0.516
