0.9295 0.531
0.1612 0.54
1 0.504
0.8852 0.535
0.0137 0.518
0.4631 0.538
0.2684 0.539
0.9672 0.524
0.9506 0.523
0.7142 0.547
0.8519 0.515
0.2453 0.536
0.4276 0.532
0.5107 0.528
0.9871 0.528
0.8958 0.516
0.7839 0.514
0.1529 0.527
0.9997 0.512
0.7736 0.532
0.1404 0.537
0.0599 0.53
0.0313 0.521
0.9932 0.536
0.5886 0.526
0.9282 0.531
0.0582 0.514
0.4931 0.537
0.0353 0.55
0.9669 0.523
0.2966 0.522
0.0076 0.505
0.6672 0.522
0.7436 0.521
0.227 0.529
0.0229 0.544
0.2086 0.523
0.0022 0.522
0.5559 0.525
0.3763 0.52
0.5885 0.524
0.1381 0.539
0.0347 0.508
0.7583 0.535
0.8925 0.523
0.95 0.506
0.7057 0.515
0.2429 0.545
0.0019 0.523
0.4327 0.526
