0.07 0.50258
0.2701 0.5011
1 0.50062
0.1901 0.50224
0.74 0.50226
0.6 0.502
0.62 0.50412
0.09 0.50368
0.9101 0.503
0.97 0.50184
0.6501 0.50434
0.58 0.50364
0.87 0.503
0.6401 0.504
0.23 0.50268
0.77 0.50536
0.14 0.50306
0.41 0.50386
0.42 0.50226
0.16 0.50288
0.19 0.50458
0.58 0.5017
0.9901 0.5019
0.7501 0.50494
0.35 0.5029
0.1401 0.50084
0 0.5032
0.51 0.5027
0.9901 0.5042
0.12 0.50374
0.9001 0.50362
0.0001 0.5011
0.7 0.503
0.6701 0.50118
0.41 0.50492
0.1101 0.50376
0.0001 0.5006
0.1 0.50224
0.89 0.50168
0.3201 0.5047
0.58 0.50234
0.38 0.5038
0.06 0.5019
0.8401 0.50472
0 0.50026
0.7601 0.50206
0.94 0.50428
0.73 0.50384
0.0601 0.50304
0.11 0.50568
