0.001100 0.505867
0.365300 0.508400
0.985200 0.505667
0.772300 0.509400
0.001100 0.503467
0.003700 0.507200
0.044400 0.505267
0.778900 0.503467
0.004200 0.505200
0.810300 0.507533
0.876600 0.503600
0.739000 0.507000
0.540600 0.504200
0.552200 0.507467
0.809100 0.507067
0.734200 0.506933
0.594500 0.512800
0.469000 0.504667
0.588400 0.507667
0.333500 0.502867
0.783700 0.503333
0.273000 0.511200
0.808100 0.505667
0.483600 0.508400
0.119200 0.509000
0.850800 0.510133
0.000600 0.504000
0.135100 0.508867
0.171000 0.514067
0.989900 0.505067
0.015300 0.509000
0.841900 0.507000
0.727900 0.512200
0.454000 0.506800
0.043400 0.504400
0.094500 0.506800
0.200600 0.506400
0.944800 0.504200
0.463400 0.509533
0.398800 0.502933
0.916400 0.506267
0.041200 0.504133
0.983600 0.505267
0.993100 0.503533
0.910500 0.502467
0.226300 0.513867
0.938000 0.508067
0.552800 0.511667
0.547900 0.505867
0.495900 0.512267
0.999400 0.511000
0.812000 0.502800
0.815200 0.506733
0.234800 0.503933
0.748900 0.504800
0.063500 0.505400
0.893500 0.505267
0.260900 0.508867
0.149000 0.506067
0.065600 0.506133
0.549500 0.507467
0.258200 0.508733
0.932900 0.502933
0.837600 0.510200
0.506200 0.506333
0.105700 0.508333
0.612100 0.509333
0.974600 0.504800
0.579500 0.512667
0.980800 0.507467
0.623200 0.509067
0.002200 0.506467
0.995600 0.507267
0.913800 0.504267
0.971600 0.506267
0.506100 0.506867
0.651800 0.506933
0.096200 0.508933
0.360500 0.511600
0.999900 0.504400
0.908100 0.505267
0.010900 0.506733
0.120400 0.508133
0.594500 0.506133
0.656900 0.507133
0.272400 0.504467
0.606700 0.507733
0.001100 0.501067
0.920000 0.502600
0.201400 0.507467
0.904400 0.506333
0.980700 0.510667
0.446900 0.506800
0.224600 0.512000
0.983000 0.510467
0.886800 0.503867
0.174600 0.504667
0.076000 0.508267
0.781500 0.506400
0.999800 0.504133
