0.8772 0.5178
0.2091 0.5182
0.5086 0.5084
0.7086 0.5188
0.0364 0.5098
0.5904 0.5082
0.9523 0.5078
0.4869 0.5104
0.1278 0.5052
0.6579 0.518
0.674 0.5026
0.9982 0.5136
0.9941 0.513
0.2022 0.5122
0.9103 0.5134
0.3438 0.519
0.3362 0.5066
0.5294 0.514
0.5504 0.5136
0.6317 0.5052
0.9761 0.507
0.9991 0.5056
0.8317 0.5134
0.6955 0.5114
0.9998 0.507
0.009 0.5054
0.9381 0.5084
0.1885 0.5058
0.6321 0.5056
0.1274 0.5078
0.1773 0.5172
0.008 0.5086
0.124 0.5102
0.4796 0.5184
0.9347 0.5042
0.0953 0.5034
0.9869 0.5166
0.1485 0.5176
0.894 0.52
0.2866 0.5104
1 0.505
0.9999 0.5128
0.9814 0.5156
0.7055 0.509
0.0049 0.503
0.9997 0.515
0.8607 0.5126
0.2355 0.505
0.9276 0.5084
0.3615 0.5116
