0.281400 0.504300
0.956400 0.504367
0.299100 0.504833
0.025500 0.503967
0.770700 0.508367
0.365200 0.507033
0.946500 0.501800
0.890900 0.505667
0.626100 0.507667
0.423700 0.506267
0.294800 0.504933
0.350100 0.505133
0.581700 0.505200
0.032700 0.506767
0.000100 0.502633
0.965600 0.505000
0.911900 0.503033
0.234700 0.504800
0.996600 0.504800
0.248600 0.507033
0.222300 0.507000
0.285700 0.505267
0.422200 0.507733
0.602400 0.503500
0.144500 0.502167
0.036900 0.502100
0.634800 0.505933
0.009800 0.503200
0.109800 0.501200
0.162300 0.502900
0.101600 0.507233
0.160300 0.504767
0.694700 0.501967
0.689400 0.504000
0.204700 0.501400
0.050400 0.508167
0.166500 0.503767
0.997700 0.501967
0.009400 0.507433
0.489400 0.504067
0.961200 0.507033
0.807500 0.506433
0.131500 0.502700
0.510700 0.503667
0.982100 0.501733
0.364600 0.502633
0.029700 0.501833
0.434600 0.504733
0.694400 0.503700
0.972500 0.505600
0.000100 0.505367
0.533800 0.506267
0.970000 0.504367
0.643600 0.504867
0.755500 0.502700
0.679600 0.503933
0.942600 0.502867
0.991400 0.505233
0.329000 0.504433
0.781200 0.504700
0.831700 0.504267
0.511200 0.502867
0.965100 0.505867
0.492200 0.506067
0.000500 0.505533
0.067600 0.504733
0.164100 0.503133
0.184500 0.505333
0.997900 0.503867
0.115300 0.503333
0.864700 0.505100
0.999400 0.503433
0.714300 0.504967
0.641900 0.506000
0.804600 0.504867
0.726600 0.505933
0.143400 0.501833
0.975800 0.503733
0.581700 0.504267
0.982300 0.504400
0.924700 0.506800
0.094200 0.505400
0.121000 0.505367
0.001400 0.502400
0.594600 0.503533
0.124900 0.501300
0.369700 0.503900
0.008800 0.501400
0.150400 0.503367
0.747600 0.502233
0.498000 0.504133
0.644400 0.503800
0.010300 0.508233
0.163500 0.506067
0.749100 0.503367
0.015800 0.507900
0.158500 0.501633
0.912700 0.504033
0.859400 0.505533
0.311000 0.507133
