0.100260 0.526000
0.735340 0.531000
0.034160 0.523000
0.705080 0.528000
0.927120 0.527000
0.592160 0.514000
0.001820 0.512000
0.988570 0.529000
0.003220 0.522000
0.075150 0.525000
0.674810 0.533000
0.607610 0.523000
0.536710 0.521000
0.023110 0.521000
0.191980 0.522000
0.938850 0.514000
0.015020 0.523000
0.805820 0.547000
0.039810 0.520000
0.734590 0.526000
0.134380 0.530000
0.003850 0.524000
0.591660 0.554000
0.064030 0.528000
0.310420 0.541000
0.259600 0.541000
0.001260 0.510000
0.791860 0.534000
0.974820 0.521000
0.462190 0.522000
0.084470 0.519000
0.403400 0.541000
0.986770 0.522000
0.574850 0.538000
0.790520 0.536000
0.052500 0.541000
0.868360 0.536000
0.808660 0.536000
0.782270 0.520000
0.117590 0.537000
0.224720 0.515000
0.881700 0.510000
0.891100 0.522000
0.444530 0.522000
0.000000 0.513000
0.004600 0.513000
0.301000 0.530000
0.004550 0.536000
0.008040 0.533000
0.184350 0.527000
0.449120 0.509000
0.594350 0.521000
0.608200 0.516000
0.611450 0.537000
0.460330 0.517000
0.993760 0.533000
0.095660 0.514000
0.757780 0.528000
0.899600 0.520000
0.144140 0.520000
0.339050 0.547000
0.205430 0.516000
0.030170 0.532000
0.795320 0.525000
0.380370 0.532000
0.408760 0.525000
0.998680 0.514000
0.559920 0.535000
0.532680 0.517000
0.693510 0.526000
0.891270 0.531000
0.709410 0.534000
0.994420 0.540000
0.013780 0.517000
0.293720 0.523000
0.364820 0.524000
0.036560 0.523000
0.252830 0.525000
0.975740 0.532000
0.883720 0.520000
0.097180 0.518000
0.817490 0.536000
0.526680 0.525000
0.213590 0.526000
0.562750 0.521000
0.008010 0.514000
0.861160 0.512000
0.021430 0.527000
0.677610 0.527000
0.515820 0.532000
0.872700 0.511000
0.310460 0.522000
0.276750 0.519000
0.999060 0.506000
0.002720 0.515000
0.089050 0.515000
0.000000 0.531000
0.142580 0.537000
0.672620 0.523000
0.110260 0.519000
