0.488500 0.510400
0.014500 0.509400
0.383400 0.505900
0.865700 0.514600
0.036300 0.506600
0.054700 0.508100
0.345500 0.509100
0.646500 0.512200
0.036800 0.514700
0.365000 0.507100
0.998800 0.502500
0.896900 0.510800
0.625600 0.506300
0.005200 0.511600
0.644300 0.506600
0.283300 0.509000
0.462900 0.507700
0.027500 0.507800
0.121200 0.506300
0.463200 0.516100
0.052100 0.511100
0.597800 0.505600
0.016600 0.511100
1.000000 0.504700
0.324800 0.507300
0.062900 0.506100
0.930100 0.506500
0.277200 0.507800
0.329700 0.508700
0.933900 0.507300
0.975000 0.508600
0.918900 0.511000
0.272800 0.505200
0.727400 0.513800
0.666800 0.506500
0.999900 0.505000
0.010500 0.504400
0.005300 0.504300
0.113800 0.506900
0.315200 0.507900
0.041900 0.506900
0.714900 0.504200
0.333800 0.503800
0.047800 0.502900
0.978600 0.508900
0.013400 0.506400
0.184700 0.505500
0.992900 0.503000
0.330000 0.510000
0.111900 0.506600
0.158700 0.503000
0.892000 0.507200
0.836800 0.507900
0.746600 0.504300
0.334200 0.514300
0.636800 0.504800
0.714200 0.506700
0.390400 0.508300
0.660400 0.508300
0.984400 0.513200
0.095300 0.512500
0.964500 0.510200
0.004000 0.506900
0.995800 0.507900
0.883300 0.509300
0.011300 0.502400
0.630900 0.511800
0.655100 0.509300
0.919900 0.509200
0.739400 0.504000
0.586700 0.507900
0.214200 0.505300
0.007700 0.507700
0.152600 0.507500
0.277100 0.510200
0.441600 0.507600
0.783200 0.507900
0.207400 0.509100
0.855200 0.510200
0.969200 0.504800
1.000000 0.508300
0.024200 0.509500
0.087200 0.508400
0.022200 0.505700
0.998100 0.512500
0.961700 0.505400
0.107100 0.504700
0.031100 0.510300
0.750100 0.513700
0.894400 0.510800
0.147200 0.505300
0.002000 0.504300
0.080100 0.504800
0.999600 0.509300
0.752400 0.507200
0.456500 0.508000
0.943900 0.502200
0.955200 0.510600
0.023300 0.507900
0.892200 0.518000
