0.670000 0.505325
0.010000 0.502125
0.470000 0.501150
0.380000 0.503550
0.380000 0.502375
0.360000 0.502350
0.650000 0.508800
0.210000 0.500575
0.740000 0.505200
0.800000 0.503375
0.210000 0.501700
0.990000 0.501675
0.000000 0.503025
0.060000 0.500875
0.950000 0.505175
1.000000 0.501500
0.280000 0.506725
0.150000 0.501675
0.610000 0.503775
1.000000 0.502400
0.800000 0.502550
0.730000 0.504225
0.080000 0.501800
0.330000 0.504000
1.000000 0.503575
0.760000 0.504400
0.970000 0.505550
0.760000 0.504425
0.960000 0.501750
0.930000 0.502375
0.620000 0.502850
0.250000 0.502650
0.590000 0.503000
0.100000 0.504200
0.820000 0.503100
0.010000 0.503125
0.540000 0.502725
0.060000 0.505150
0.850000 0.502375
0.310000 0.502775
0.990000 0.502000
1.000000 0.501625
0.010000 0.501950
0.040000 0.506025
0.790000 0.504125
0.530000 0.504750
0.300000 0.503275
0.940000 0.505600
1.000000 0.501825
0.690000 0.502400
