0.572100 0.504543
0.841600 0.505486
0.987200 0.502257
0.867300 0.503943
0.346800 0.505971
0.056000 0.504371
0.685600 0.503600
0.140600 0.503971
0.479600 0.506171
0.959500 0.504371
0.349200 0.504943
0.891500 0.502029
0.353800 0.505743
0.704300 0.503600
0.502100 0.504486
0.999400 0.503257
0.023900 0.502514
0.979500 0.503943
0.119300 0.502971
0.965200 0.503229
0.717400 0.506257
0.449600 0.508714
0.440700 0.505829
0.203500 0.501829
0.000800 0.504800
0.942300 0.508343
0.021200 0.501286
0.011300 0.509457
0.869300 0.505714
0.614400 0.503743
0.886300 0.506600
0.827800 0.505857
0.452500 0.508600
0.228100 0.504486
0.282700 0.504543
0.413100 0.502286
0.598700 0.503114
0.074900 0.502743
0.010200 0.504686
0.947400 0.504571
0.303300 0.504229
0.796500 0.501114
0.598200 0.504400
0.215300 0.503886
0.232100 0.502914
0.245000 0.503914
0.696600 0.508114
0.964900 0.504429
0.998900 0.504171
0.549900 0.504057
