0.940000 0.502156
0.090000 0.503956
0.650000 0.503733
0.170000 0.504800
0.020000 0.502867
0.240000 0.504422
0.100000 0.504644
0.840000 0.507467
0.800000 0.504622
0.710000 0.504556
0.030000 0.502267
1.000000 0.503756
0.270000 0.505156
1.000000 0.501244
0.680000 0.502022
0.440000 0.503400
0.090000 0.504911
0.290000 0.504200
0.600000 0.504156
1.000000 0.503311
0.900000 0.505778
0.210000 0.501933
0.910000 0.505222
0.130000 0.501911
0.230000 0.503133
0.820000 0.506200
1.000000 0.505533
0.330000 0.502756
1.000000 0.503733
0.010000 0.504000
0.870000 0.503178
0.930000 0.502244
0.810000 0.502822
0.020000 0.502689
0.060000 0.504356
0.960000 0.505667
0.030000 0.501444
0.490000 0.504844
0.940000 0.501511
0.000000 0.504311
0.690000 0.502044
0.860000 0.503333
0.630000 0.504378
0.890000 0.504178
0.730000 0.503800
0.210000 0.506444
0.670000 0.504622
0.940000 0.501956
0.890000 0.504511
0.940000 0.503422
