0.552000 0.505133
0.353000 0.505333
0.841000 0.502356
0.005000 0.503556
0.971000 0.504600
0.958000 0.506311
0.478000 0.504067
0.985000 0.505267
0.715000 0.502778
0.908000 0.504644
0.996000 0.501822
0.919000 0.507378
0.570000 0.501978
0.775000 0.508044
0.339000 0.509556
0.648000 0.501978
0.626000 0.503733
0.918000 0.501467
0.867000 0.509244
0.764000 0.504422
0.995000 0.502289
0.933000 0.504956
0.950000 0.504644
0.907000 0.501667
0.016000 0.505222
0.536000 0.506867
0.972000 0.501889
0.871000 0.505600
0.006000 0.504378
0.659000 0.504333
0.979000 0.503244
0.712000 0.506133
0.033000 0.501378
0.852000 0.503333
0.015000 0.502800
0.828000 0.507156
0.922000 0.504289
0.868000 0.504533
0.060000 0.502822
0.137000 0.502578
0.247000 0.504756
0.522000 0.501822
0.758000 0.505289
0.554000 0.505711
0.909000 0.503467
0.034000 0.501333
0.199000 0.503822
0.907000 0.503511
0.831000 0.503244
0.397000 0.505244
