0.309 0.5048
0.024 0.503067
0.519 0.504833
0.273 0.5045
0.9901 0.502267
0.537 0.504367
1 0.5056
0.777 0.507167
0.96 0.5031
0.7161 0.504567
0.928 0.507833
0.3481 0.507533
0.441 0.5052
0.857 0.506833
0.9841 0.5029
0.423 0.5064
0.923 0.504733
0.694 0.502933
0.21 0.503833
0.125 0.504867
0.003 0.5035
0.066 0.508833
0.625 0.5046
0.871 0.504067
0.895 0.503233
0.654 0.507867
0.83 0.503967
0.736 0.5049
0.022 0.504267
0.374 0.504133
0.015 0.5024
0.953 0.507433
0.118 0.505767
0.563 0.505367
0.198 0.502933
0.992 0.5007
0.298 0.504933
0.809 0.504433
0.9271 0.506233
0.882 0.5029
0.9951 0.501767
0.049 0.5084
0.521 0.5054
0.411 0.5077
0.992 0.502767
0.804 0.508667
0.34 0.503067
0.191 0.5052
0.96 0.503233
0.999 0.502433
0.013 0.505733
0.154 0.506867
0.9691 0.502633
0.019 0.5025
0.078 0.503167
0.112 0.506033
0.146 0.503567
0.691 0.503967
0.154 0.504067
0.125 0.507867
0.719 0.503233
0.6461 0.504133
0.632 0.5046
0.234 0.508467
0.17 0.5067
0.978 0.503533
0.007 0.505833
1 0.503933
0.436 0.5053
0.008 0.5019
0.031 0.504433
0.688 0.502667
0.4321 0.506733
0.107 0.5036
0.978 0.503767
0.672 0.506367
0.688 0.509767
0.036 0.5054
0.729 0.504067
0.998 0.502867
0.532 0.5083
0.7451 0.504133
0.069 0.504433
0.81 0.5037
0.746 0.5045
0.778 0.505033
0.2841 0.5064
0.956 0.5067
0.523 0.505667
0.602 0.504767
0.238 0.507167
0.2181 0.508167
0.5071 0.5041
0.987 0.5046
0.073 0.504
0.39 0.505467
0.302 0.5041
0.203 0.5035
0.781 0.508833
0.404 0.506533
