0.693 0.521
0.551 0.516
0.948 0.5255
0.967 0.516
0.246 0.5155
0.12 0.5205
0.25 0.5265
0.823 0.5165
0.51 0.5175
0.316 0.5175
0.052 0.517
0.995 0.5105
0.06 0.5175
0.984 0.5215
0.779 0.511
0.204 0.518
0.673 0.526
0.31 0.517
0.003 0.5185
0.278 0.5295
0.746 0.51
0.082 0.52
0.69 0.532
0.804 0.516
0.513 0.529
0.062 0.5165
0.767 0.517
0.142 0.513
0.179 0.5245
0.004 0.5205
0.865 0.5145
0.051 0.5035
0.751 0.517
0.615 0.5085
0.029 0.5185
0.967 0.5185
1 0.509
0.009 0.5125
0.006 0.5115
0.984 0.5095
0.717 0.5285
0.413 0.511
0.605 0.5125
0.987 0.517
0.444 0.53
0.806 0.5135
0.789 0.519
0.908 0.5215
0.499 0.5285
0.045 0.5085
0.993 0.5145
0.011 0.5185
0.103 0.531
0.149 0.515
0.656 0.5265
0.221 0.516
0.061 0.5125
0.708 0.514
0.822 0.5145
0.808 0.523
0.343 0.513
0.449 0.5175
0.719 0.519
0.134 0.5075
0.422 0.528
0.001 0.5215
0.037 0.508
0.125 0.514
0.974 0.5085
0.577 0.5275
0.782 0.5335
0.085 0.525
0.739 0.519
0.156 0.5135
0.763 0.5215
0.003 0.5115
0.089 0.513
0.08 0.5245
0.235 0.5215
0.144 0.5145
0.568 0.5255
0.002 0.513
0.974 0.508
0.152 0.5295
0.746 0.5205
0.472 0.519
0.021 0.509
0.947 0.5105
0.26 0.5185
0.117 0.5215
0.009 0.5115
0.511 0.521
0.286 0.5235
0.9 0.512
0.515 0.519
0.81 0.5145
0.635 0.518
0.019 0.511
0.075 0.5315
0.608 0.5255
