0.558400 0.505311
0.999100 0.501600
0.756900 0.504956
0.498400 0.504222
0.068700 0.507178
0.964100 0.505400
0.715500 0.503444
0.875900 0.503044
0.130500 0.502111
0.759400 0.502578
0.060300 0.503622
0.976500 0.504356
0.277100 0.501156
0.384700 0.505333
0.715500 0.504000
0.909000 0.503644
0.694100 0.506733
0.994800 0.503711
0.177100 0.502511
0.835200 0.503733
0.874600 0.503956
0.778000 0.506311
0.020400 0.502311
0.984700 0.501000
0.525500 0.503067
0.691600 0.504622
0.990600 0.503889
0.591600 0.504200
0.811200 0.504289
0.631400 0.505022
0.067500 0.506667
0.982300 0.504422
0.322500 0.501933
0.017900 0.503956
0.995400 0.500756
0.729900 0.503089
0.320400 0.501733
0.001100 0.501022
0.049400 0.504000
0.285600 0.502289
0.723200 0.502111
0.024600 0.506711
0.878700 0.507267
0.262900 0.505067
0.871800 0.504422
0.987100 0.504689
0.022500 0.500978
0.903900 0.505067
0.688600 0.504467
0.881600 0.509778
