0.01 0.50128
0.08 0.50444
0.7601 0.50732
0.05 0.5012
1 0.50104
0.52 0.50372
0.96 0.50324
0.85 0.50164
0.9901 0.50264
0 0.5054
0.9901 0.5
0.17 0.50356
0.13 0.50776
0.78 0.50544
0.4601 0.5086
0.77 0.50672
0.38 0.50216
0.39 0.50272
0.66 0.50672
0.4701 0.50604
0.02 0.50276
0.94 0.50084
0.4501 0.5054
0.87 0.50232
0.2601 0.50208
0.1 0.50288
0.97 0.50676
0.6801 0.502
0.4101 0.5094
0.1301 0.50372
0.03 0.50184
0.69 0.50584
0.73 0.50436
0.01 0.5068
0.9901 0.50324
0.13 0.50588
0.82 0.50124
0.78 0.50436
0.88 0.5022
0.99 0.50336
0.2301 0.50276
0.4701 0.506
0.03 0.50644
0.78 0.50512
0.3301 0.50488
0.63 0.50472
0.8401 0.50424
0.05 0.50188
0.67 0.5054
0.4501 0.5058
0.3101 0.50708
0.11 0.50872
0.08 0.50572
0.65 0.50304
0.63 0.50232
0.6 0.50172
0.03 0.50652
0.36 0.50496
1 0.50428
0.08 0.50564
0.67 0.5052
0.01 0.50296
0.4001 0.50452
0.09 0.50184
0.91 0.5052
0.86 0.50456
0.01 0.50456
0.29 0.50872
0.63 0.50544
1 0.5016
0.18 0.5046
0.38 0.50272
0 0.503
0.05 0.50764
0.94 0.50212
0.38 0.50532
0.82 0.50396
0.8601 0.50144
0.14 0.50448
0.05 0.50408
0.1901 0.50584
0.11 0.5072
0.61 0.50524
0.98 0.50364
0.28 0.50496
0.02 0.50112
0.47 0.5008
0.9001 0.50468
0.91 0.50756
0.98 0.5058
0.52 0.50472
0.3001 0.50692
0.04 0.5092
0.26 0.50608
0.36 0.50112
0.8401 0.50504
0.93 0.50584
0.2 0.50408
0.92 0.50772
0.08 0.50756
