0.193000 0.528000
0.093000 0.520000
0.291000 0.560000
0.053000 0.522000
0.688000 0.517000
0.028000 0.511000
0.973000 0.519000
0.727000 0.518000
0.036000 0.540000
0.011000 0.518000
0.224000 0.540000
0.360000 0.526000
0.773000 0.516000
1.000000 0.531000
0.842000 0.518000
0.504000 0.525000
0.148000 0.531000
0.352000 0.527000
0.646000 0.513000
0.999000 0.526000
0.270000 0.516000
0.013000 0.533000
0.968000 0.522000
0.030000 0.520000
0.929000 0.521000
0.114000 0.537000
0.084000 0.528000
0.662000 0.528000
0.011000 0.506000
0.870000 0.521000
0.827000 0.519000
0.605000 0.514000
0.428000 0.522000
0.048000 0.522000
0.557000 0.523000
0.721000 0.528000
0.281000 0.537000
0.712000 0.522000
0.421000 0.541000
0.156000 0.533000
0.252000 0.535000
0.800000 0.530000
0.898000 0.526000
0.995000 0.509000
0.274000 0.528000
0.366000 0.533000
0.564000 0.532000
0.798000 0.514000
0.014000 0.547000
0.955000 0.509000
0.673000 0.524000
0.969000 0.521000
0.957000 0.511000
0.049000 0.510000
0.529000 0.535000
0.960000 0.548000
0.104000 0.537000
0.326000 0.526000
0.345000 0.529000
0.371000 0.524000
0.011000 0.534000
0.897000 0.537000
0.283000 0.515000
0.025000 0.520000
0.180000 0.522000
0.169000 0.520000
0.002000 0.521000
0.976000 0.518000
0.977000 0.532000
0.499000 0.511000
0.785000 0.540000
0.006000 0.516000
0.999000 0.521000
0.226000 0.529000
0.512000 0.543000
0.073000 0.535000
0.489000 0.525000
0.740000 0.525000
0.146000 0.516000
0.999000 0.516000
0.011000 0.553000
0.006000 0.509000
0.124000 0.528000
1.000000 0.520000
0.104000 0.523000
0.008000 0.525000
0.999000 0.524000
0.478000 0.512000
0.685000 0.523000
0.295000 0.541000
0.738000 0.529000
0.234000 0.513000
0.336000 0.530000
0.383000 0.515000
0.017000 0.532000
0.299000 0.515000
0.946000 0.511000
0.998000 0.525000
0.980000 0.522000
0.025000 0.519000
