0.158500 0.503900
0.761400 0.504900
0.189100 0.506300
0.103900 0.505225
0.426800 0.502550
0.250300 0.503775
0.571400 0.504025
0.904500 0.506650
0.217800 0.504425
0.015200 0.504275
0.124100 0.503400
0.056100 0.501550
0.086200 0.504800
0.812800 0.504850
0.801000 0.503250
0.043000 0.504625
0.869700 0.502425
0.024700 0.503975
0.982400 0.501525
0.234000 0.503650
0.006200 0.502275
0.459700 0.507625
0.006100 0.501325
0.976300 0.502600
0.330600 0.503400
0.549700 0.503875
0.968600 0.504725
0.778300 0.504900
0.984500 0.502275
0.308500 0.502225
0.231500 0.506875
0.939800 0.505200
0.946100 0.505025
0.008900 0.501425
0.017100 0.502825
0.233100 0.503600
0.754400 0.505450
0.022200 0.503075
0.905900 0.504525
0.547400 0.504400
0.647900 0.505975
0.108700 0.503075
0.882800 0.508250
0.216100 0.507075
0.191800 0.501950
0.479800 0.503525
0.101000 0.502750
0.616800 0.504275
0.018400 0.502300
0.009300 0.503975
