0.526000 0.505100
0.259000 0.502725
0.281000 0.506100
0.011000 0.503775
0.004000 0.504400
0.989000 0.502500
0.951000 0.501575
0.643000 0.507725
0.659000 0.504150
0.920000 0.504025
0.859000 0.502625
0.428000 0.505475
0.665000 0.503050
0.080000 0.503400
0.543000 0.504975
0.989000 0.501250
0.521000 0.505725
0.551000 0.504125
0.776000 0.502300
0.949000 0.505625
0.729000 0.501875
0.415000 0.503275
0.889000 0.505200
0.000000 0.503450
0.116000 0.501075
0.980000 0.501225
0.983000 0.503000
0.340000 0.504075
0.870000 0.508000
0.983000 0.506650
0.988000 0.502850
0.691000 0.504800
0.948000 0.501300
0.231000 0.506150
0.489000 0.506775
0.006000 0.500900
0.690000 0.503925
0.931000 0.503300
0.042000 0.502700
0.112000 0.502750
0.563000 0.503300
0.999000 0.501475
0.584000 0.504375
0.936000 0.501875
0.797000 0.503025
0.983000 0.501000
0.996000 0.501600
0.902000 0.502125
0.136000 0.505625
0.903000 0.504625
