0.552 0.505133
0.353 0.505333
0.841 0.502356
0.005 0.503556
0.9701 0.5046
0.958 0.506311
0.478 0.504067
0.985 0.505267
0.715 0.502778
0.908 0.504644
0.996 0.501822
0.919 0.507378
0.57 0.501978
0.775 0.508044
0.339 0.509556
0.648 0.501978
0.626 0.503733
0.918 0.501467
0.867 0.509244
0.764 0.504422
0.9941 0.502289
0.933 0.504956
0.95 0.504644
0.907 0.501667
0.016 0.505222
0.536 0.506867
0.972 0.501889
0.871 0.5056
0.006 0.504378
0.659 0.504333
0.979 0.503244
0.712 0.506133
0.033 0.501378
0.852 0.503333
0.015 0.5028
0.828 0.507156
0.922 0.504289
0.868 0.504533
0.06 0.502822
0.137 0.502578
0.2491 0.504756
0.522 0.501822
0.758 0.505289
0.554 0.505711
0.909 0.503467
0.034 0.501333
0.199 0.503822
0.907 0.503511
0.831 0.503244
0.3961 0.505244
