0.15 0.509
0.01 0.518
0.57 0.535
0.981 0.509
0.02 0.519
0.841 0.526
0.51 0.511
0.95 0.524
0.03 0.517
0.08 0.547
0.67 0.534
0 0.527
1 0.513
0 0.533
0.15 0.515
0.72 0.515
0.94 0.567
1 0.521
1 0.511
0.16 0.525
0.85 0.522
0.01 0.529
0.46 0.53
0.03 0.532
0.85 0.539
0.78 0.511
0.04 0.522
0.39 0.53
0.78 0.53
0.171 0.521
0.411 0.52
0.32 0.544
0.28 0.515
0.37 0.509
0.99 0.523
0.97 0.533
0.771 0.517
0.931 0.515
0.16 0.532
0.72 0.519
0.32 0.519
0.07 0.521
0.31 0.53
0.971 0.519
0.18 0.514
0.671 0.524
0.97 0.512
0.991 0.526
0.12 0.532
0.401 0.531
0.991 0.521
0.53 0.528
0.04 0.529
0.83 0.546
0.03 0.522
0.75 0.527
0.39 0.529
0.941 0.52
0.9 0.534
0.92 0.521
0.98 0.536
0.88 0.545
0.5 0.52
0.01 0.509
0.99 0.523
1 0.523
0 0.542
0.57 0.533
0.65 0.519
0.95 0.522
0.811 0.521
0.901 0.541
1 0.52
0.07 0.527
0.07 0.539
0.64 0.521
0.04 0.504
0.47 0.527
0.93 0.528
0.35 0.527
0.88 0.541
0.34 0.512
0.371 0.52
0.061 0.538
0.471 0.547
0.93 0.52
0.02 0.524
0.7 0.509
0.3 0.505
0 0.527
0.271 0.526
0.88 0.521
0.2 0.52
0.03 0.511
0.01 0.504
0.17 0.514
0.89 0.535
0.43 0.507
0.99 0.519
0.93 0.506
