0.199 0.50365
0.156 0.5048
0.094 0.5052
0.853 0.5043
0.4491 0.5033
0 0.50335
0.484 0.50805
1 0.505
0.614 0.5087
0.76 0.50255
0.7361 0.5077
0.836 0.5061
0.948 0.50285
0.3581 0.5098
0.9721 0.50325
0.797 0.50675
0.3161 0.50695
0.751 0.50445
0.564 0.5053
0.405 0.5057
0.9461 0.50565
0.038 0.5034
0.774 0.50345
0.467 0.51
0.261 0.50445
0.992 0.5023
0.795 0.50865
0.818 0.5059
0.9551 0.50355
0.819 0.5041
0.553 0.50605
0.585 0.5018
0.508 0.506
0.46 0.5072
0.072 0.5047
0.1061 0.5045
0.09 0.5027
0.1811 0.50615
0.003 0.50255
0.9431 0.50405
0.453 0.5067
0.079 0.5114
0.05 0.5023
0.848 0.5061
0.672 0.5038
0.608 0.5085
0.859 0.50405
0.4331 0.5072
0.499 0.5072
0.106 0.5077
0.232 0.50365
0.938 0.50425
0.8941 0.5061
0.213 0.51065
0.999 0.50835
0.468 0.50715
0.018 0.5035
0.987 0.51085
0.871 0.50335
0.324 0.5102
0.882 0.50335
0.01 0.50565
0.135 0.50535
0.0001 0.50735
0.017 0.5058
0.7041 0.5055
0.048 0.50365
0.155 0.50695
0.107 0.51355
0.688 0.50425
0.121 0.5054
0.02 0.50875
0.752 0.5043
0.938 0.5039
0.983 0.50285
0.785 0.50955
0.526 0.50805
0.611 0.50485
0.9561 0.5032
0.917 0.5087
0.214 0.5051
0.084 0.5058
0.425 0.5056
0.388 0.50665
0.057 0.50505
0.403 0.50255
0.959 0.5069
0.657 0.5079
0.001 0.50315
0.922 0.50985
0.526 0.50695
0.585 0.5069
0.9931 0.5081
0.993 0.50365
0.9991 0.50315
0.029 0.5046
0.531 0.50745
0.999 0.50305
0.756 0.5073
0.043 0.50485
