0.197000 0.503120
0.959000 0.507460
0.027000 0.503820
0.023000 0.502840
0.654000 0.505000
0.097000 0.504020
0.113000 0.502120
0.939000 0.502120
0.940000 0.503840
0.980000 0.503000
0.799000 0.502880
0.042000 0.504340
0.259000 0.504400
0.461000 0.502940
0.002000 0.502560
0.316000 0.502940
0.883000 0.502040
0.243000 0.502860
0.222000 0.502340
0.506000 0.502460
0.418000 0.504060
0.141000 0.506420
0.399000 0.502200
0.149000 0.506320
0.413000 0.506520
0.770000 0.504140
0.598000 0.504040
0.994000 0.507300
0.007000 0.501740
0.621000 0.507740
0.541000 0.502140
0.873000 0.503040
1.000000 0.505380
0.203000 0.504560
0.209000 0.502820
0.302000 0.503300
0.181000 0.502000
0.657000 0.503140
0.700000 0.503020
0.400000 0.503020
0.655000 0.505860
0.207000 0.503380
0.440000 0.502880
0.008000 0.501420
0.320000 0.504020
0.433000 0.502780
0.695000 0.504180
0.372000 0.502800
0.155000 0.503180
0.006000 0.500660
