0.289000 0.506600
0.278000 0.506267
0.623000 0.502000
0.093000 0.504533
0.771000 0.502933
0.033000 0.502667
0.943000 0.502667
0.151000 0.511200
0.470000 0.504400
0.206000 0.506933
0.241000 0.504400
0.316000 0.503733
0.098000 0.505600
0.131000 0.505467
0.304000 0.508000
0.214000 0.505933
0.052000 0.501467
0.659000 0.508400
0.521000 0.507333
0.066000 0.506733
0.199000 0.504200
0.886000 0.508200
0.216000 0.504600
0.452000 0.514733
0.936000 0.509467
0.281000 0.504133
0.820000 0.510067
0.927000 0.505933
0.911000 0.508333
0.560000 0.507467
0.872000 0.507200
0.185000 0.502467
0.819000 0.508533
0.297000 0.505867
0.134000 0.508000
0.000000 0.505800
0.816000 0.506467
0.998000 0.506467
0.625000 0.506267
0.005000 0.506600
0.168000 0.506533
0.141000 0.505800
0.135000 0.506200
0.065000 0.507667
0.750000 0.506667
0.067000 0.505867
0.006000 0.510600
0.816000 0.503533
0.667000 0.505067
0.002000 0.508067
0.699000 0.510933
0.944000 0.509333
0.645000 0.510000
0.995000 0.506733
0.001000 0.502067
0.083000 0.506200
0.991000 0.506133
0.035000 0.506533
0.928000 0.504333
0.012000 0.504067
0.528000 0.505000
0.485000 0.507333
0.262000 0.507267
0.808000 0.503600
0.417000 0.511067
0.137000 0.503867
0.825000 0.512333
0.969000 0.506000
0.084000 0.505467
0.588000 0.505533
0.368000 0.505800
0.772000 0.505800
0.375000 0.508067
0.344000 0.507133
0.764000 0.510467
0.000000 0.504800
0.586000 0.511533
0.678000 0.505467
0.941000 0.508333
0.013000 0.505333
0.158000 0.507533
0.922000 0.505733
0.064000 0.509333
0.460000 0.507133
0.327000 0.503400
0.426000 0.506267
0.394000 0.506133
0.874000 0.502533
0.055000 0.504667
0.177000 0.509067
0.319000 0.515267
0.147000 0.504333
0.828000 0.509733
0.814000 0.507333
0.961000 0.510733
0.947000 0.508667
0.916000 0.502600
0.940000 0.506333
0.358000 0.502400
0.065000 0.504400
