0.030000 0.500400
0.070000 0.503500
0.290000 0.503633
0.980000 0.505233
0.040000 0.501733
0.260000 0.503967
0.070000 0.504833
0.350000 0.504100
0.150000 0.504100
0.840000 0.502967
0.100000 0.501100
0.500000 0.504433
0.740000 0.504467
1.000000 0.504033
0.970000 0.504033
0.040000 0.502233
0.820000 0.506933
0.120000 0.503267
0.010000 0.503867
0.140000 0.504467
0.950000 0.502533
0.050000 0.508633
0.590000 0.502967
0.980000 0.505667
0.940000 0.502200
0.670000 0.504800
1.000000 0.501033
0.990000 0.505467
1.000000 0.502167
0.050000 0.501767
0.860000 0.506800
0.200000 0.502867
0.390000 0.508333
0.910000 0.508667
0.420000 0.504767
0.230000 0.502200
0.370000 0.502200
0.900000 0.506100
0.320000 0.505633
0.490000 0.504433
0.600000 0.504333
0.750000 0.504333
0.030000 0.506033
0.010000 0.505300
0.330000 0.505900
0.420000 0.504567
0.440000 0.501933
0.050000 0.503833
0.030000 0.504900
0.910000 0.502400
0.480000 0.502367
0.810000 0.504233
0.270000 0.503300
0.240000 0.503600
0.640000 0.504033
0.150000 0.509033
0.120000 0.507367
0.270000 0.504733
0.860000 0.502267
0.010000 0.504533
1.000000 0.504600
0.150000 0.501233
0.830000 0.502267
1.000000 0.507267
0.060000 0.500967
1.000000 0.500667
0.190000 0.503700
0.100000 0.501667
0.340000 0.505700
0.190000 0.508100
0.560000 0.503733
0.020000 0.501733
0.040000 0.505067
0.220000 0.501767
0.000000 0.503333
0.810000 0.505533
0.030000 0.500700
0.580000 0.506000
0.960000 0.504033
0.320000 0.503267
0.720000 0.506067
0.030000 0.501967
0.750000 0.506167
0.910000 0.504400
0.770000 0.501100
0.570000 0.505333
0.970000 0.505633
0.470000 0.509733
0.670000 0.502433
0.470000 0.500867
0.060000 0.503000
0.750000 0.505733
0.920000 0.502767
0.120000 0.501833
0.140000 0.501567
0.260000 0.506567
0.240000 0.503367
0.550000 0.505633
0.210000 0.504600
0.860000 0.501200
