0.880000 0.510800
0.930000 0.509400
1.000000 0.500800
0.460000 0.509400
1.000000 0.501200
0.960000 0.510200
0.020000 0.513600
0.080000 0.502600
0.730000 0.508000
0.470000 0.512400
0.650000 0.507600
0.470000 0.510200
0.290000 0.520800
0.220000 0.517800
0.960000 0.510600
0.690000 0.514600
0.000000 0.509800
0.010000 0.504800
0.180000 0.508000
0.970000 0.510400
0.980000 0.512600
0.230000 0.507200
0.910000 0.508600
0.680000 0.504400
0.830000 0.510200
0.610000 0.522200
0.880000 0.504800
0.960000 0.503400
0.280000 0.510400
0.000000 0.510600
0.990000 0.504600
0.550000 0.510400
0.220000 0.504600
0.970000 0.505600
0.770000 0.514600
0.640000 0.512000
0.360000 0.518800
0.010000 0.511600
0.320000 0.506400
0.000000 0.511600
0.740000 0.502800
0.480000 0.509000
0.810000 0.510000
0.440000 0.513800
0.880000 0.506000
0.310000 0.508000
0.350000 0.513800
0.480000 0.519000
0.000000 0.508000
0.910000 0.510400
0.870000 0.506400
0.080000 0.505000
0.610000 0.517200
0.180000 0.514200
0.070000 0.507800
0.100000 0.503600
0.650000 0.510200
0.880000 0.511400
0.970000 0.504600
0.370000 0.509400
0.840000 0.509200
0.050000 0.508000
0.670000 0.514800
0.970000 0.502200
0.930000 0.506600
0.290000 0.521000
0.040000 0.510200
0.860000 0.514600
0.300000 0.517000
0.880000 0.513600
0.660000 0.509400
0.190000 0.510600
0.310000 0.514200
0.000000 0.504400
0.130000 0.519200
0.980000 0.503200
0.990000 0.506000
1.000000 0.508800
0.950000 0.509000
0.130000 0.506000
0.980000 0.503400
0.470000 0.513600
0.090000 0.509200
0.100000 0.508000
0.420000 0.511600
0.340000 0.506000
0.050000 0.510400
0.010000 0.512400
0.740000 0.509600
0.580000 0.511600
1.000000 0.513800
0.940000 0.510400
1.000000 0.510200
0.330000 0.518400
0.480000 0.518400
0.810000 0.510400
0.000000 0.507800
0.470000 0.517200
0.430000 0.508800
0.910000 0.516000
