0.102000 0.505000
0.351000 0.510600
0.983000 0.512000
1.000000 0.500400
0.741000 0.508400
0.361000 0.509400
0.001000 0.509400
0.512000 0.517800
0.995000 0.509600
0.441000 0.511800
0.074000 0.505600
0.547000 0.510200
0.033000 0.516000
0.015000 0.504400
0.612000 0.517400
1.000000 0.506800
0.789000 0.510000
0.856000 0.508400
0.650000 0.508400
0.858000 0.509200
0.988000 0.507800
0.982000 0.504600
0.996000 0.504400
0.011000 0.506400
0.670000 0.516800
0.001000 0.505000
0.065000 0.506000
0.982000 0.506000
0.103000 0.508800
0.079000 0.518000
0.022000 0.504200
0.346000 0.505600
0.711000 0.523800
0.815000 0.518400
0.208000 0.512200
0.130000 0.509800
0.943000 0.510000
0.543000 0.514400
0.013000 0.500800
0.483000 0.516000
0.000000 0.515800
1.000000 0.511000
0.580000 0.514800
1.000000 0.509000
0.749000 0.504000
0.642000 0.509000
0.998000 0.509200
0.932000 0.504200
0.950000 0.507000
0.916000 0.508200
0.307000 0.517800
0.012000 0.504200
0.997000 0.514800
0.982000 0.504600
0.014000 0.507000
0.999000 0.505400
0.797000 0.519600
1.000000 0.518400
0.160000 0.504000
1.000000 0.513800
0.106000 0.504600
0.870000 0.508400
0.481000 0.519200
0.785000 0.518400
0.341000 0.508000
0.753000 0.512400
0.269000 0.511800
0.811000 0.509200
0.650000 0.511000
0.769000 0.513400
0.991000 0.509600
0.926000 0.512200
0.699000 0.511000
0.695000 0.509200
0.518000 0.511200
0.479000 0.513000
0.033000 0.512200
0.993000 0.501600
0.256000 0.518400
0.954000 0.510000
0.032000 0.510800
0.036000 0.511600
0.236000 0.519600
0.091000 0.509600
0.242000 0.518600
0.202000 0.507000
0.000000 0.514400
0.906000 0.506600
0.753000 0.506000
0.985000 0.504200
0.501000 0.511400
0.977000 0.512000
0.000000 0.504400
0.315000 0.509200
0.077000 0.504400
0.309000 0.505400
0.686000 0.509400
0.675000 0.505600
0.993000 0.505400
0.989000 0.514600
