0.94 0.502156
0.09 0.503956
0.65 0.503733
0.17 0.5048
0.02 0.502867
0.2301 0.504422
0.1 0.504644
0.84 0.507467
0.8 0.504622
0.71 0.504556
0.03 0.502267
0.9901 0.503756
0.2601 0.505156
1 0.501244
0.68 0.502022
0.44 0.5034
0.09 0.504911
0.2801 0.5042
0.6 0.504156
1 0.503311
0.8901 0.505778
0.21 0.501933
0.91 0.505222
0.13 0.501911
0.2201 0.503133
0.82 0.5062
0.9901 0.505533
0.3201 0.502756
1 0.503733
0.01 0.504
0.8601 0.503178
0.93 0.502244
0.81 0.502822
0.02 0.502689
0.06 0.504356
0.9501 0.505667
0.03 0.501444
0.49 0.504844
0.94 0.501511
0 0.504311
0.6801 0.502044
0.86 0.503333
0.3101 0.504378
0.89 0.504178
0.73 0.5038
0.2001 0.506444
0.67 0.504622
0.94 0.501956
0.89 0.504511
0.94 0.503422
