0.03 0.5004
0.07 0.5035
0.2801 0.503633
0.98 0.505233
0.04 0.501733
0.26 0.503967
0.0601 0.504833
0.35 0.5041
0.15 0.5041
0.84 0.502967
0.1 0.5011
0.4901 0.504433
0.7301 0.504467
0.9901 0.504033
0.97 0.504033
0.04 0.502233
0.8101 0.506933
0.12 0.503267
0.0001 0.503867
0.14 0.504467
0.9401 0.502533
0.08 0.508633
0.59 0.502967
0.98 0.505667
0.94 0.5022
0.67 0.5048
1 0.501033
0.99 0.505467
1 0.502167
0.05 0.501767
0.86 0.5068
0.2 0.502867
0.3801 0.508333
0.91 0.508667
0.4101 0.504767
0.23 0.5022
0.3601 0.5022
0.9 0.5061
0.32 0.505633
0.4801 0.504433
0.5901 0.504333
0.75 0.504333
0.03 0.506033
0.01 0.5053
0.3201 0.5059
0.4101 0.504567
0.4301 0.501933
0.0401 0.503833
0.03 0.5049
0.91 0.5024
0.48 0.502367
0.81 0.504233
0.2601 0.5033
0.24 0.5036
0.64 0.504033
0.15 0.509033
0.12 0.507367
0.27 0.504733
0.86 0.502267
0.01 0.504533
1 0.5046
0.01 0.501233
0.83 0.502267
1 0.507267
0.06 0.500967
0.9901 0.500667
0.1801 0.5037
0.1 0.501667
0.34 0.5057
0.1801 0.5081
0.56 0.503733
0.02 0.501733
0.04 0.505067
0.2101 0.501767
0 0.503333
0.81 0.505533
0.03 0.5007
0.58 0.506
0.96 0.504033
0.32 0.503267
0.72 0.506067
0.03 0.501967
0.75 0.506167
0.9001 0.5044
0.7601 0.5011
0.57 0.505333
0.97 0.505633
0.4601 0.509733
0.67 0.502433
0.47 0.500867
0.06 0.503
0.75 0.505733
0.92 0.502767
0.12 0.501833
0.14 0.501567
0.26 0.506567
0.24 0.503367
0.55 0.505633
0.21 0.5046
0.86 0.5012
