0.070000 0.502580
0.280000 0.501100
1.000000 0.500620
0.200000 0.502240
0.740000 0.502260
0.600000 0.502000
0.620000 0.504120
0.090000 0.503680
0.920000 0.503000
0.970000 0.501840
0.660000 0.504340
0.580000 0.503640
0.870000 0.503000
0.650000 0.504000
0.230000 0.502680
0.770000 0.505360
0.140000 0.503060
0.410000 0.503860
0.420000 0.502260
0.160000 0.502880
0.190000 0.504580
0.580000 0.501700
1.000000 0.501900
0.760000 0.504940
0.350000 0.502900
0.150000 0.500840
0.000000 0.503200
0.510000 0.502700
1.000000 0.504200
0.120000 0.503740
0.910000 0.503620
0.010000 0.501100
0.700000 0.503000
0.680000 0.501180
0.410000 0.504920
0.120000 0.503760
0.010000 0.500600
0.100000 0.502240
0.890000 0.501680
0.330000 0.504700
0.580000 0.502340
0.380000 0.503800
0.060000 0.501900
0.850000 0.504720
0.000000 0.500260
0.770000 0.502060
0.940000 0.504280
0.730000 0.503840
0.070000 0.503040
0.110000 0.505680
