0.0851 0.5042
0.166 0.50692
0.323 0.50524
0.001 0.50132
0.207 0.50384
0.086 0.50448
0.973 0.50324
0.959 0.50412
0.334 0.50764
0.354 0.50444
0.9991 0.50184
0.503 0.50064
0.108 0.5048
0.995 0.50348
0.0921 0.5042
0.932 0.50512
0.077 0.50484
0.7451 0.504
0.583 0.50596
0.045 0.50624
0.584 0.5072
0.122 0.50424
0.079 0.50244
0.059 0.5038
0.04 0.50612
0.731 0.507
0.279 0.50372
0.94 0.508
0.383 0.50908
0.9761 0.50388
0.124 0.50444
1 0.5048
0.152 0.50564
0.027 0.50048
0.019 0.50492
0.588 0.50444
0.008 0.50344
0.909 0.50356
0.9961 0.50364
0.01 0.50276
0.667 0.50488
0.009 0.50368
0.019 0.5026
0.07 0.50716
0.954 0.507
0.519 0.51036
0.027 0.50528
0.048 0.50484
0.1051 0.5046
0.001 0.50528
0.3421 0.50612
0.9211 0.50964
0.578 0.50776
0.209 0.50696
0.973 0.50488
0.3271 0.50672
0.554 0.50688
0.5051 0.50852
0.653 0.508
0.746 0.5038
0.518 0.50728
0.557 0.50292
0.624 0.50492
0.9701 0.50576
0.177 0.50868
0.945 0.50108
0.114 0.50208
0.9821 0.50332
0.932 0.501
0.709 0.5038
0.842 0.5078
0.957 0.50836
0.854 0.50596
0.259 0.50248
0.767 0.50352
0.0571 0.51072
0.562 0.504
0.9651 0.50776
0.263 0.50276
0.039 0.5054
0.9941 0.50676
0.497 0.50776
0.91 0.50616
0.994 0.5026
0.183 0.50604
0.005 0.50828
0.061 0.5022
0.389 0.5072
0.675 0.50468
0.999 0.50472
0.022 0.50288
0.565 0.505
0.11 0.5076
0 0.50308
0.166 0.51256
0.129 0.50424
0.006 0.50368
0.056 0.50412
0.136 0.5046
0.414 0.50344
