0.150000 0.509000
0.010000 0.518000
0.570000 0.535000
0.990000 0.509000
0.020000 0.519000
0.850000 0.526000
0.510000 0.511000
0.950000 0.524000
0.030000 0.517000
0.090000 0.547000
0.670000 0.534000
0.000000 0.527000
1.000000 0.513000
0.000000 0.533000
0.150000 0.515000
0.720000 0.515000
0.940000 0.567000
0.990000 0.521000
1.000000 0.511000
0.160000 0.525000
0.850000 0.522000
0.010000 0.529000
0.460000 0.530000
0.030000 0.532000
0.880000 0.539000
0.780000 0.511000
0.040000 0.522000
0.390000 0.530000
0.780000 0.530000
0.180000 0.521000
0.420000 0.520000
0.320000 0.544000
0.280000 0.515000
0.440000 0.509000
0.980000 0.523000
0.970000 0.533000
0.780000 0.517000
0.940000 0.515000
0.160000 0.532000
0.500000 0.519000
0.320000 0.519000
0.080000 0.521000
0.310000 0.530000
0.980000 0.519000
0.180000 0.514000
0.680000 0.524000
0.970000 0.512000
1.000000 0.526000
0.120000 0.532000
0.410000 0.531000
1.000000 0.521000
0.530000 0.528000
0.040000 0.529000
0.830000 0.546000
0.030000 0.522000
0.750000 0.527000
0.390000 0.529000
0.950000 0.520000
0.900000 0.534000
0.920000 0.521000
0.980000 0.536000
0.880000 0.545000
0.500000 0.520000
0.010000 0.509000
0.990000 0.523000
1.000000 0.523000
0.000000 0.542000
0.570000 0.533000
0.650000 0.519000
0.950000 0.522000
0.740000 0.521000
0.910000 0.541000
0.910000 0.520000
0.080000 0.527000
0.070000 0.539000
0.640000 0.521000
0.040000 0.504000
0.460000 0.527000
0.930000 0.528000
0.350000 0.527000
0.880000 0.541000
0.340000 0.512000
0.250000 0.520000
0.070000 0.538000
0.450000 0.547000
0.930000 0.520000
0.020000 0.524000
0.700000 0.509000
0.300000 0.505000
0.000000 0.527000
0.280000 0.526000
0.870000 0.521000
0.210000 0.520000
0.030000 0.511000
0.010000 0.504000
0.170000 0.514000
0.890000 0.535000
0.430000 0.507000
0.990000 0.519000
0.930000 0.506000
