0.912900 0.507040
0.004500 0.502200
0.749500 0.506720
0.054700 0.502320
0.430700 0.503960
0.724200 0.508880
0.115100 0.504000
0.979000 0.505360
0.952600 0.503000
0.293400 0.502880
0.864400 0.506840
0.013700 0.505160
0.569600 0.501320
0.295600 0.505840
0.628800 0.503440
1.000000 0.500680
0.370200 0.503440
0.369300 0.504360
0.804600 0.508840
0.014400 0.502080
0.154000 0.507560
0.705100 0.504360
0.374800 0.508440
0.278200 0.504320
0.012300 0.500920
0.037800 0.504960
0.906400 0.507560
0.271400 0.507880
0.275100 0.506680
0.461300 0.505320
0.005500 0.503920
0.969500 0.505520
0.744300 0.504800
0.000000 0.506000
0.957200 0.503880
0.761900 0.505600
0.939800 0.504680
0.000200 0.505200
0.006000 0.508920
0.622900 0.507400
0.684100 0.503240
0.941500 0.503120
0.987700 0.506080
0.894900 0.507480
0.983600 0.505960
0.999400 0.505120
0.951700 0.506400
0.009300 0.502360
0.357300 0.502360
0.004500 0.506200
0.001000 0.504720
0.619700 0.509800
0.292600 0.508480
0.004400 0.501760
0.130000 0.502080
0.631600 0.506400
0.258600 0.502800
0.866000 0.504080
0.121700 0.505600
0.002100 0.505320
0.771500 0.503120
0.998800 0.502400
0.658100 0.504880
0.116300 0.505840
0.110900 0.505160
0.030700 0.504160
0.075700 0.504520
0.997400 0.504520
0.826200 0.505520
0.989300 0.507520
0.233400 0.503680
0.948400 0.506640
0.903700 0.509200
0.545900 0.508640
0.955000 0.503040
0.740700 0.505560
0.781500 0.508320
0.990900 0.503680
0.889100 0.503880
0.160700 0.502480
0.973700 0.503240
0.235600 0.506160
0.855600 0.508000
0.662400 0.506240
0.675900 0.503000
0.622900 0.500800
0.609700 0.504760
0.282200 0.505200
0.141000 0.503760
0.004500 0.505480
0.221400 0.508880
0.765400 0.505480
0.952000 0.504680
0.647700 0.501680
0.736500 0.507800
0.511100 0.505240
0.397900 0.503360
0.782000 0.508280
0.181700 0.504240
0.401600 0.503160
