0.82 0.503857
0.54 0.5046
0.58 0.501286
0.4201 0.502943
0.59 0.504743
0.2601 0.5046
0.83 0.506229
0.49 0.505229
0.5 0.502229
0 0.505286
0.47 0.504629
0.51 0.501429
0.03 0.502143
0.97 0.506114
0.9901 0.502914
0.68 0.505714
0.9901 0.503943
0.5501 0.503229
0.27 0.502514
0.02 0.501771
0 0.501257
0.1401 0.503457
0.99 0.5016
0.88 0.507343
0.1901 0.5016
0.72 0.5044
0.75 0.504343
0.64 0.5022
0.24 0.505857
0.2601 0.504343
0.1 0.5052
0.84 0.503114
0.05 0.502971
0.48 0.504343
0.9901 0.506086
0.88 0.501943
0.2001 0.505571
0.13 0.502886
0.99 0.504229
0.96 0.504914
0.76 0.502486
0.74 0.506171
0.03 0.500429
0.07 0.503971
0.8901 0.503057
0.76 0.503914
0 0.505486
0.9901 0.501971
0.3501 0.506143
0.99 0.509714
