0.896 0.5078
0.318 0.5045
0.744 0.5094
0.22 0.5049
0.991 0.5069
0.998 0.5077
0.458 0.5064
0.489 0.513
0.144 0.5068
0.825 0.5095
0.624 0.5047
0.65 0.5153
0.103 0.507
0.979 0.5132
0.41 0.5063
0.046 0.5046
0.881 0.5121
0.846 0.5088
0.2351 0.5076
0.2601 0.5066
0.3281 0.5148
0.4631 0.5083
0.509 0.5087
0.483 0.509
0.086 0.5055
0.003 0.5045
0.884 0.5129
0.318 0.5072
0.953 0.505
0.068 0.5093
0.217 0.5056
0.874 0.5054
0.835 0.5072
0.474 0.5084
0.957 0.505
0.596 0.5086
0.062 0.5022
0.059 0.5111
0.385 0.5091
0.2691 0.5088
0.602 0.5083
0.8921 0.5083
0.927 0.5066
0.387 0.5081
0.064 0.5074
0.982 0.5062
0.982 0.512
0.055 0.5054
0.763 0.5022
0.6791 0.5108
0.015 0.5061
0.006 0.5016
0.67 0.5018
0.047 0.5049
0.992 0.5006
0.146 0.5079
0.978 0.5076
0.454 0.5035
0.588 0.5028
0.848 0.5057
0.829 0.5071
0.9991 0.5044
0.986 0.5041
0.915 0.5083
0.63 0.5084
0.916 0.5073
0.838 0.5068
0.915 0.5079
0.875 0.5036
0.862 0.5086
0.177 0.5169
0.3521 0.507
0.113 0.5086
0.512 0.5107
0.1061 0.5124
0.066 0.5073
0.4881 0.5047
0.831 0.5066
0.789 0.5064
0.316 0.5086
0.1711 0.515
0.129 0.5065
0.0751 0.5151
0.206 0.5106
0.604 0.5092
0.1931 0.5056
0.004 0.5022
0.9601 0.5054
0.479 0.506
0.954 0.5114
0.5011 0.5084
0.765 0.5108
0.847 0.5103
0 0.5064
0.486 0.5086
0.787 0.5045
0.025 0.5058
0.986 0.5035
0.998 0.5064
0.053 0.5081
